2.395431486352602501e+00
2.520159112084073616e+00
2.378953527003868196e+00
2.621518023057195723e+00
2.611818363346007921e+00
2.752838559336520774e+00
2.518625688379828365e+00
2.755132543477833984e+00
3.020713293287631274e+00
3.113596871693115276e+00
3.006132231158710866e+00
2.627771624031734810e+00
2.620096648543743800e+00
2.720199477580872660e+00
3.096687628609710252e+00
2.707363212502039040e+00
2.613788142506279222e+00
2.470510576142904036e+00
2.617678603301819784e+00
2.894336131605036222e+00
2.899218639209055759e+00
2.744769023404136199e+00
2.472635667838279261e+00
2.748293451703048618e+00
2.727130448525939777e+00
3.074980280235827479e+00
2.727629857344881614e+00
2.930235703356786736e+00
2.931499906180824233e+00
3.286053823099519544e+00
3.076477616372941259e+00
3.289819741068058523e+00
2.989504087176208191e+00
3.202895286039506129e+00
3.004119946247933548e+00
2.794857899366951948e+00
2.804990281830904486e+00
3.003904162220139007e+00
3.224134348264843020e+00
3.023076338898743831e+00
2.976946908986814577e+00
2.686196718217469748e+00
2.936541837184529768e+00
2.700776614062522007e+00
2.668433849516312684e+00
2.418404447097909582e+00
2.671209052694679897e+00
2.413401561206753865e+00
3.004576558273369891e+00
2.968007877784645032e+00
2.993134731299745166e+00
2.775114052465712522e+00
2.767447897224970532e+00
2.741298619659674696e+00
2.961484549230583241e+00
2.734457743905683635e+00
2.386094147676495858e+00
2.332082088809054987e+00
2.391656928291970186e+00
2.780604116555804417e+00
2.781744135786837546e+00
2.725135292315989055e+00
2.336560672944592909e+00
2.727348969581087079e+00
2.777530618565224430e+00
2.808945521273018109e+00
2.788898588241550236e+00
2.902590727846591001e+00
2.916822850069658912e+00
2.935607238162775801e+00
2.823320114205687403e+00
2.953559722018034073e+00
2.756077825363431266e+00
2.780482722877198221e+00
2.767959157744650067e+00
2.930655723923662137e+00
2.943661395612608978e+00
2.954462228823407699e+00
2.793551798330104585e+00
2.971466867892284647e+00
3.295913224716939816e+00
2.766907919220304102e+00
3.323730577586309298e+00
2.853705555719945330e+00
2.876864711173547029e+00
2.353868061908600318e+00
2.763561267134273081e+00
2.339458297595232494e+00
2.802594118253687316e+00
2.833481508789841286e+00
2.788817886176884642e+00
2.952975355233996790e+00
2.933862167942258736e+00
2.985245465611024329e+00
2.815230230580507254e+00
2.964253280826993908e+00
2.466600622034376578e+00
2.621588769067581204e+00
2.460039193249792255e+00
2.934596522275248365e+00
2.922266917797004204e+00
3.102382215837732549e+00
2.608733652925780966e+00
3.081482892788010464e+00
3.072894610379272695e+00
2.667717228327529888e+00
3.062564489611065088e+00
2.919144476361874574e+00
2.907294785292080519e+00
2.520816795413250766e+00
2.672385047776820066e+00
2.522746895495802999e+00
2.768288493820550311e+00
2.901408873442389513e+00
2.792303215630015600e+00
2.592844209522282561e+00
2.611066419799262128e+00
2.723871027981254578e+00
2.934703193807238542e+00
2.753742137938021362e+00
2.762068747986232253e+00
2.969948435753471117e+00
2.762495490781888829e+00
2.632833151445719722e+00
2.635357590381036896e+00
2.839521414678358724e+00
2.962533222605173933e+00
2.831754199604962441e+00
2.400648934037890481e+00
2.672477293145088417e+00
2.393619460102863528e+00
2.488939382779292941e+00
2.485868495604261597e+00
2.765422855851831230e+00
2.689779726633555246e+00
2.784810663543118014e+00
3.015401162060728169e+00
2.699877598520701305e+00
2.989656211550550502e+00
3.087288085711297647e+00
3.061468653184759692e+00
2.768425367370440426e+00
2.699367165107676492e+00
2.766315359313334277e+00
2.969159349661121716e+00
2.965911983192625723e+00
2.969562618060143322e+00
3.053689146413957278e+00
3.054137690529146187e+00
3.050303937432400581e+00
2.966311028854732079e+00
3.050750642280715130e+00
3.008375702636298499e+00
3.003324927539866351e+00
3.008467828149226975e+00
2.466815070682375044e+00
2.466785498693282008e+00
2.462103129333613971e+00
3.003412595543838215e+00
2.462069415918970439e+00
2.863549036651185098e+00
2.859399005029031215e+00
2.880420987844090508e+00
2.792400002920643498e+00
2.806080772377905319e+00
2.790325823082439261e+00
2.876146329243767674e+00
2.801654644798885485e+00
2.761185164331210196e+00
2.758120321047209167e+00
2.740641169131753152e+00
3.329531256157292063e+00
3.300461983227100937e+00
3.326199505680552004e+00
2.737673957041866224e+00
3.297201891041425803e+00
3.105574393706108882e+00
2.839097384719392991e+00
3.106279466313304205e+00
3.043437298293000914e+00
3.044113461566027024e+00
2.781148313365799485e+00
2.839465236792988456e+00
2.781479377715312840e+00
2.566936681095565831e+00
2.833228516359778126e+00
2.566929483632380382e+00
2.486677927457513260e+00
2.486651591945721940e+00
2.750373721176505803e+00
2.833527841149085624e+00
2.750644541182634129e+00
2.784002686690247863e+00
3.181378589130626100e+00
2.780645245435595214e+00
2.297986856972169090e+00
2.303631531616327166e+00
2.673104639009136640e+00
3.165447529079433497e+00
2.661918929472219641e+00
2.776306275490859399e+00
2.635614675712654176e+00
2.771184226380595028e+00
2.948225743234369922e+00
2.942242803481435853e+00
2.806294321698828309e+00
2.634484988151982066e+00
2.803785604247236218e+00
3.025157938066170615e+00
2.911030525585544204e+00
3.060183509017255332e+00
3.172335531185459967e+00
3.211866100454180195e+00
3.059084901441529780e+00
2.939816831920322393e+00
3.089946454955982524e+00
2.444083272409557139e+00
2.281072084115991494e+00
2.442705046522589907e+00
2.644517794920086651e+00
2.641324506826910223e+00
2.482234306446163608e+00
2.285964253151771874e+00
2.484668699880376863e+00
2.642048192538980711e+00
2.474682423651685781e+00
2.646217357533358516e+00
2.473119017417969356e+00
2.476189065181523929e+00
2.313654049728462780e+00
2.471122068561427021e+00
2.307975951140629256e+00
3.202089180236932897e+00
3.075842597119711641e+00
3.212983029637702881e+00
3.072528714527459570e+00
3.080744899083642796e+00
2.946421597066815501e+00
3.083737813789012350e+00
2.950978377660541163e+00
2.604460335202736676e+00
2.467804261151528067e+00
2.610588524195990523e+00
3.072684502476809687e+00
3.084307136991796039e+00
2.924249940084690635e+00
2.468288705659816173e+00
2.931113624210049284e+00
2.617400732347709091e+00
3.072338716664188674e+00
2.626964018002001744e+00
2.474775929355701898e+00
2.485133417753444540e+00
2.921921850055274383e+00
3.034283115379001750e+00
2.887144914415119779e+00
2.810977360143034787e+00
3.193722234955715500e+00
2.814034134948325772e+00
2.407347647213698316e+00
2.395542310043544010e+00
2.767167056106326850e+00
3.237443057283375669e+00
2.796586721308210954e+00
2.867392577353149008e+00
2.684088296626432335e+00
2.854806312746604124e+00
3.017082092412196381e+00
3.000606020070058833e+00
2.826917774397849747e+00
2.680313693758937799e+00
2.821026450313077305e+00
3.118236509833806736e+00
3.194469617764343905e+00
3.095553776677579361e+00
2.977337995424036876e+00
2.957634024966813602e+00
3.054399478048047456e+00
3.169256517547689889e+00
3.030636750440306226e+00
2.561990946612152875e+00
2.667764439467775084e+00
2.561599295681033617e+00
2.370912124267156251e+00
2.374814212751140463e+00
2.475812684321023305e+00
2.662784168284772157e+00
2.472909325717604467e+00
2.719617341129223043e+00
2.680577322689576825e+00
2.723751385516124834e+00
2.724710184006921665e+00
2.728886638456298641e+00
2.685641111389695190e+00
2.683564883500810350e+00
2.688670761834649703e+00
3.271177381942014684e+00
3.239872866844149879e+00
3.223842589500074851e+00
3.275252248127801469e+00
3.227815739985669730e+00
3.243940830480646298e+00
3.193982894924997318e+00
3.197952406790528279e+00
2.652412440607288424e+00
2.348652955461641323e+00
2.658797790642931425e+00
2.987774377815922477e+00
3.001280204397034801e+00
2.672951740591023917e+00
2.346142005557252830e+00
2.674348469547014773e+00
2.719888433860481847e+00
2.973438536167542168e+00
2.719222217768631822e+00
2.396041656779535955e+00
2.393357597744956600e+00
2.640816244977385097e+00
2.980801387326427410e+00
2.644139419982802774e+00
2.383119801101831747e+00
2.652126347999918643e+00
2.383225578543578749e+00
2.389370573838559331e+00
2.389501712992269766e+00
2.658655128901652454e+00
2.655443265406719711e+00
2.662004668625019832e+00
3.005261316532513938e+00
2.762510125014504325e+00
3.007660804874653149e+00
3.010031823329299527e+00
3.012444592696000178e+00
2.767077285099127870e+00
2.762875903148782619e+00
2.767453224524148325e+00
2.902822450416893130e+00
2.717807109768565432e+00
2.939515260870438684e+00
3.209065960344103630e+00
3.251830514350924517e+00
3.010994210071623378e+00
2.742377058342538199e+00
3.046525145864688255e+00
3.010206205867928198e+00
2.721354479003116111e+00
2.985675875563138959e+00
2.717872884621499452e+00
2.701226323037644761e+00
2.437400039092381121e+00
2.719595212616252589e+00
2.441294347084967953e+00
2.857426960605793376e+00
2.742361191666699227e+00
2.860900802805100618e+00
2.550931360582491259e+00
2.552903569882736257e+00
2.438385222258790730e+00
2.744168362484503021e+00
2.440762259826739555e+00
2.797322880270206369e+00
2.713853248752163161e+00
2.799879863714163086e+00
3.132928556935772768e+00
3.136149990231814400e+00
3.044596572599760353e+00
2.715751582480685045e+00
3.047334239085998320e+00
3.132888557758283010e+00
3.028913881922898899e+00
3.153783962883632164e+00
3.136723450942451308e+00
3.157681275835809043e+00
3.032725940909480666e+00
3.045110461734417129e+00
3.048990703116929879e+00
2.558338007445478901e+00
3.010706870083854625e+00
2.563413896029233641e+00
2.563285487141897967e+00
2.568270663248321206e+00
3.015899798937263565e+00
2.991558454624155150e+00
2.996707092521649685e+00
2.597588657156249425e+00
2.591808888124512933e+00
2.596449509176824932e+00
2.707441934055053956e+00
2.707165636437567358e+00
2.701658582837910050e+00
2.590532814837088083e+00
2.701254056672937054e+00
2.547169106289715934e+00
2.543196234504637054e+00
2.525367375263622538e+00
2.707471513806959162e+00
2.678683815745843688e+00
2.703498535381650747e+00
2.521880253893537205e+00
2.675144515243080168e+00
3.137182761891964766e+00
2.888151966987792640e+00
3.147145156091097462e+00
2.961283627364980298e+00
2.969892473407717226e+00
2.718517452430311732e+00
2.893648453026469447e+00
2.722854070109032243e+00
2.603537109892435808e+00
2.852863266435476497e+00
2.603948961292696485e+00
3.005480436445312264e+00
3.007933486597270445e+00
3.265331212410995665e+00
2.857464410482083217e+00
3.271364243163465968e+00
2.566136777710521955e+00
2.777233368533278846e+00
2.584367679365467296e+00
2.854211895681415534e+00
2.886870056013240315e+00
3.076832607870532144e+00
2.817971191447516066e+00
3.127166917938127622e+00
3.145597371445926882e+00
2.905460146715038050e+00
3.138818163506834402e+00
2.764857857722882617e+00
2.759575400633265563e+00
2.533164817006880565e+00
2.901707795570721782e+00
2.531323820719149520e+00
2.872317955650278254e+00
2.866855898406302394e+00
2.863307285562900262e+00
2.833692821219045754e+00
2.826835846344110337e+00
2.830170992933798146e+00
2.859819036505122369e+00
2.823363705006982194e+00
2.890081243963877000e+00
2.884700622013343096e+00
2.889488855656151323e+00
2.861083895954801282e+00
2.860506503658961641e+00
2.855498345268155269e+00
2.884186986762171223e+00
2.855009738429998833e+00
2.604034285923923164e+00
2.750605885205915868e+00
2.602540613145942316e+00
2.841308177319749273e+00
2.837779431504178440e+00
2.990905694751571975e+00
2.745513058169859910e+00
2.984304814047368026e+00
3.178170636611372668e+00
3.292498060753266120e+00
3.173358293950386155e+00
2.866267920828792892e+00
2.860549555329108706e+00
2.975685671172685343e+00
3.286586268169411795e+00
2.968733516181855769e+00
2.827988571296218723e+00
2.435747621828128651e+00
2.842786130322628946e+00
2.787536565617347417e+00
2.799513316387286732e+00
2.395841293904239055e+00
2.430534601264390915e+00
2.390105191377937643e+00
2.915888028302991763e+00
3.053102657828514754e+00
2.903336314983679056e+00
2.886460589337295879e+00
2.872163210417681523e+00
3.021931054326178590e+00
3.029237445212732194e+00
2.998751939272568556e+00
2.894035170959471159e+00
3.031887568118587062e+00
2.897257270906139048e+00
2.864518014598766538e+00
2.867746272325010448e+00
3.003506044642134665e+00
3.038175271648886788e+00
3.009616511605456957e+00
2.880685173602443694e+00
2.420541728137778570e+00
2.884034810532938309e+00
2.840159641631350596e+00
2.843571672923323135e+00
2.383898810913542832e+00
2.417452152502471030e+00
2.378093132604726545e+00
2.887152312764932560e+00
2.996694955653539605e+00
2.912114599511040236e+00
2.505841819700915796e+00
2.522530457958373162e+00
2.611261035671335939e+00
3.034323148072765708e+00
2.635878595319858242e+00
2.250540786660949699e+00
2.421963247331621716e+00
2.262007044686261015e+00
2.551318412279421910e+00
2.556735559474293762e+00
2.727675294951846574e+00
2.421485498629299737e+00
2.721429121009341756e+00
2.586223848936687553e+00
3.067912155852469791e+00
2.585841740882591111e+00
2.727969860565073734e+00
2.728171457771813913e+00
3.215893850532028697e+00
3.071937450496425637e+00
3.220185335664815351e+00
2.568283787486683956e+00
2.506754587454998351e+00
2.568923550873024375e+00
2.771484410671844145e+00
2.772553608544431558e+00
2.706989099720486625e+00
2.506975469279895563e+00
2.707608826288391057e+00
3.162575879295093539e+00
3.108960531497431123e+00
3.165615775200631532e+00
2.700814443829254508e+00
2.702907158941126653e+00
2.646787486884289109e+00
3.111770420658844127e+00
2.648503809368771833e+00
2.607252103517557096e+00
2.527079905144053562e+00
2.598114076079530932e+00
2.778712432385638476e+00
2.761030762807711980e+00
2.695948080252246637e+00
2.528375827692443956e+00
2.690268323900644187e+00
2.591430938824733410e+00
2.359504133171979046e+00
2.585902901622222139e+00
3.038455285650655924e+00
3.027490244681303011e+00
2.792628902781853384e+00
2.363324700593198990e+00
2.790908227518682949e+00
3.169238069388546908e+00
2.991022812909839512e+00
3.160637189853913398e+00
3.036052433213111801e+00
3.027911273464876984e+00
2.857323361167265929e+00
2.983699625764259622e+00
2.852798570833465774e+00
2.869889196566903777e+00
2.684241054544006744e+00
2.904896369588958471e+00
2.721658935529136514e+00
2.751458109908188732e+00
2.536815481037697495e+00
2.696060783138143346e+00
2.541578454159273193e+00
2.870715535149353848e+00
3.235883812595136799e+00
2.868698939394899394e+00
2.759657400733072308e+00
2.758658698989286950e+00
3.118806327779420240e+00
3.224537743035086113e+00
3.110077136320953173e+00
2.607475337202132426e+00
2.821559390185038652e+00
2.606755466180144865e+00
2.698882648158656750e+00
2.700271246917493428e+00
2.913627751929158460e+00
2.834892586612041576e+00
2.929993199502826329e+00
3.184057804158209048e+00
2.799174739643956578e+00
3.157161018922543860e+00
2.631051406630346534e+00
2.615288676446191118e+00
2.265533771989183265e+00
2.798208420698820476e+00
2.280034882683859898e+00
2.790407690705138499e+00
2.744496300930346244e+00
2.785542753053835696e+00
2.899829941931303168e+00
2.894721690995162966e+00
2.851443083463503392e+00
2.739879321745804397e+00
2.846333498048163602e+00
2.911166507940388115e+00
2.842285064450820187e+00
2.909037417540573323e+00
2.992863146206238945e+00
2.988894892745534548e+00
2.922349064288925380e+00
2.841055122881932959e+00
2.920682600196319534e+00
2.882021188280872614e+00
2.953850065211434561e+00
2.905314505704271522e+00
2.828985576531568125e+00
2.851340599777964169e+00
2.901588685158156267e+00
2.984553375211419279e+00
2.931264360863816698e+00
2.852497145830114711e+00
2.907659787810938035e+00
2.835232574253044646e+00
2.778480500495486449e+00
2.762523979457276013e+00
2.830984431268605661e+00
2.890354759250086225e+00
2.813296213124945933e+00
2.891543546575718882e+00
2.688511333148182469e+00
2.899756987933572283e+00
2.827108690307793104e+00
2.835144778364359297e+00
2.625945293126267899e+00
2.691002158304281799e+00
2.627639471125132964e+00
2.243342216252672827e+00
2.612000457380792007e+00
2.241279627281253184e+00
2.803266126574325945e+00
2.803662058536723567e+00
3.195252773022877690e+00
2.615270247018866012e+00
3.201469454762973399e+00
2.799976402465986780e+00
2.928732544303390029e+00
2.793983400820467811e+00
2.370880631186943699e+00
2.372640064438615415e+00
2.490628503339766375e+00
2.917755045640731737e+00
2.485802946758957521e+00
2.825411724257615553e+00
2.919560390563920471e+00
2.818041909598064887e+00
2.996504549080297508e+00
2.985604624105697713e+00
3.089693528852108351e+00
2.908696816340716307e+00
3.080348155829800039e+00
3.056774195979584885e+00
2.633079301086638679e+00
3.100251632042835048e+00
3.201192599292497665e+00
3.249868568283336590e+00
2.769164730776224825e+00
2.627169477036140677e+00
2.771259997336660064e+00
2.506185015364991830e+00
2.610675785899785772e+00
2.503363888368948409e+00
2.702533164860316361e+00
2.696810291576989371e+00
2.806373927810541957e+00
2.603356754826069874e+00
2.796508021022336088e+00
2.659324198318947285e+00
2.749976388678049055e+00
2.667901326401664885e+00
2.483169175909864190e+00
2.489013761257264257e+00
2.572285813049391301e+00
2.761797798728565567e+00
2.581804421680780948e+00
3.219617911758541062e+00
2.791725776651899249e+00
3.230316160009485849e+00
3.086849316238758245e+00
3.096809931933982796e+00
2.663863956659330956e+00
2.791429005744245018e+00
2.662402574294424618e+00
2.585556334442367543e+00
2.665475985248681567e+00
2.592687088448620614e+00
3.111358050676509723e+00
3.121460215047357600e+00
3.195534456868914575e+00
2.674784489307445945e+00
3.209030067370571615e+00
2.688977453749184399e+00
2.810081882485703897e+00
2.682480703400498712e+00
2.537586387288185641e+00
2.537312306951596153e+00
2.660396718269110838e+00
2.790239076661136686e+00
2.647787457781050513e+00
2.346789048784946097e+00
2.388364876262025760e+00
2.342766163706864191e+00
2.617551403118732356e+00
2.620703437632382560e+00
2.662461106553143608e+00
2.388479301292004031e+00
2.670375625378577311e+00
2.969146428806189064e+00
3.004209378334715019e+00
2.942890436012008060e+00
3.184999741175751353e+00
3.154413502775766709e+00
3.218954796874176516e+00
2.973193439429967277e+00
3.185183299672504464e+00
2.905564163858448179e+00
2.713434268406604843e+00
2.905079038701484873e+00
3.154008437513430518e+00
3.153493041875070624e+00
2.954721525013414229e+00
2.713166836524078196e+00
2.954322983848984840e+00
2.983605607734148180e+00
3.265523597868011496e+00
2.983469204305814415e+00
2.609803956483545573e+00
2.609765780368186405e+00
2.882781401724009207e+00
3.265191920058851505e+00
2.882527772640799402e+00
2.832438887836087105e+00
3.125263505067972236e+00
2.837475084421851701e+00
2.621517784560931652e+00
2.622466518523842716e+00
2.906106108155505297e+00
3.146591261216423963e+00
2.926419805493591930e+00
2.785522998534065486e+00
2.559770055704458702e+00
2.769645656101211273e+00
3.195955888212729246e+00
3.174086297369007159e+00
2.962143115419947126e+00
2.557909405984000184e+00
2.954737770949098952e+00
3.091850461209244116e+00
3.127168711792774669e+00
3.091327431863714725e+00
2.906250166324067408e+00
2.905827126327789500e+00
2.940022003844954490e+00
3.126613747070001725e+00
2.939504880213889226e+00
2.513128478481970518e+00
2.565387736678614417e+00
2.513274967978838426e+00
2.264946799746875961e+00
2.265174210944067568e+00
2.318204639088233598e+00
2.565490240559602952e+00
2.318377756851936589e+00
2.328649296449155415e+00
2.572191497973594920e+00
2.330353031791824847e+00
2.345579141096455267e+00
2.347230796685529697e+00
2.589774562914697320e+00
2.570963991656376901e+00
2.588480646595564316e+00
2.970032243397485949e+00
3.158065665352232099e+00
2.968790469742961680e+00
2.985257308367891049e+00
2.983854345876129521e+00
3.171475403981470542e+00
3.155556503159338888e+00
3.168947322969513536e+00
2.911847349221079462e+00
2.590392404989181774e+00
2.935744906982991953e+00
3.204979178696799824e+00
3.231441324906318080e+00
2.870356257868087013e+00
2.590527295333421520e+00
2.877123306655819057e+00
2.949016150108823453e+00
3.166401436380222645e+00
2.930473769864899936e+00
2.686299018594641375e+00
2.677156955012453654e+00
2.896339706104012812e+00
3.135669099265260051e+00
2.870788470562038786e+00
2.801944557312952888e+00
2.869942578812791467e+00
2.797861291569766706e+00
2.480473719592591664e+00
2.478145135813940136e+00
2.544828992412277557e+00
2.865019130229104150e+00
2.541572865798519487e+00
2.706196739515896788e+00
2.231430744022918411e+00
2.703487609266425729e+00
3.079420871691598283e+00
3.077703632277011714e+00
2.586705070300065135e+00
2.233663027614028351e+00
2.587785547425661914e+00
3.082116936201123369e+00
3.142061473595903376e+00
3.100158734787615167e+00
3.094380423738793962e+00
3.112510502041770710e+00
3.154345352213915987e+00
3.164070808239779264e+00
3.176528635209093565e+00
2.502552161965574840e+00
2.590872097538193142e+00
2.504900083978364833e+00
2.518470388338306165e+00
2.520564028834397341e+00
2.607108882719261889e+00
2.587626494054177773e+00
2.603418915493605379e+00
2.862785123022450584e+00
2.786283777357122737e+00
2.876702545281047740e+00
2.599583335832660325e+00
2.601261135034689254e+00
2.523963836318948051e+00
2.787902818901203617e+00
2.517353626346702011e+00
2.866116637313128379e+00
2.807199448859838409e+00
2.856398873902188384e+00
3.170887723308126294e+00
3.161244851198073746e+00
3.112692085208968784e+00
2.800823792873226026e+00
3.105869346079499937e+00
3.118319421890304088e+00
2.820050572060253558e+00
3.106821089415580328e+00
3.132039608260320129e+00
3.118593806711544847e+00
2.833383321655705167e+00
2.813314012662085695e+00
2.826494457986112430e+00
2.557430486820140736e+00
2.745534921056209221e+00
2.556133207377699890e+00
2.576287531379495732e+00
2.574850074424368085e+00
2.764508165235083581e+00
2.739954845557654561e+00
2.758827460301283008e+00
2.740735087468496367e+00
3.038728528355738590e+00
2.747583937903289808e+00
2.592277030723978193e+00
2.596632014356294427e+00
2.885198571672814793e+00
3.056724483485397492e+00
2.899703156344393573e+00
3.285543950739626240e+00
3.100797014004110785e+00
3.240125321336804198e+00
3.168194973225438194e+00
3.127344114439768230e+00
2.984932913237226870e+00
3.067074456926834003e+00
2.955220203833486714e+00
2.692345309950558097e+00
2.750060249572743309e+00
2.707730911575199517e+00
2.868520288212509151e+00
2.888652794103065968e+00
2.928528296737139325e+00
2.767857696200268336e+00
2.951128411148237429e+00
2.721238625231373387e+00
2.812871736512501109e+00
2.719158879150672448e+00
2.241551409138688555e+00
2.235988768521107950e+00
2.333980214234164130e+00
2.814683630233130174e+00
2.327388627417502853e+00
2.462371013438012568e+00
2.829149183542284174e+00
2.461727959524920628e+00
2.722740378611611334e+00
2.724679781477732377e+00
3.104118861907462890e+00
2.837207061936279917e+00
3.113973465207685365e+00
3.062311923186192164e+00
2.884931432482894742e+00
3.066742064299620374e+00
2.738945157503224870e+00
2.741901289738414960e+00
2.565704070403400205e+00
2.886369229124865932e+00
2.565638692216994698e+00
2.682694684569696619e+00
2.543968737800633484e+00
2.703509113371020511e+00
2.647902568255077860e+00
2.667798427776562509e+00
2.511719570751150155e+00
2.553215005017917427e+00
2.522613861313232952e+00
2.786455745632297365e+00
2.561190313097617022e+00
2.781368981056216327e+00
2.763530918072284681e+00
2.758773339328617347e+00
2.538462763417082435e+00
2.568776995588157419e+00
2.546441268004564495e+00
3.051566561273251210e+00
2.856386454449832968e+00
3.045258368924835590e+00
3.032489473801462498e+00
3.026304158574208092e+00
2.837644943045241952e+00
2.854417594646125877e+00
2.835821546188533659e+00
3.034830931126256015e+00
2.891369182187406128e+00
3.029964301378449854e+00
3.008775217538055990e+00
3.003977996094076452e+00
2.868642263038588158e+00
2.890392190867021149e+00
2.865779730353260391e+00
3.036170174746398942e+00
2.883482261707166927e+00
3.057571240483304642e+00
2.691376564390618675e+00
2.706712643010385833e+00
2.543503972521113710e+00
2.896277765443341146e+00
2.549914928968919803e+00
2.459968820034616144e+00
2.824265774841841825e+00
2.458557033035928541e+00
2.751289800545574149e+00
2.741440649976109256e+00
3.128901265360123141e+00
2.790577113730871694e+00
3.089601298394812900e+00
2.693864739696544941e+00
3.016780104459468870e+00
2.693266820362239855e+00
2.672424401894830659e+00
2.669290037174025798e+00
2.994149925030994197e+00
3.033413685842686114e+00
3.010465541075912022e+00
2.664233875069164093e+00
2.416405423220242099e+00
2.646460594027843172e+00
2.632603712654490558e+00
2.615720395602233239e+00
2.386005571778707868e+00
2.421171483034885163e+00
2.391567228196171513e+00
3.211176190181472379e+00
3.240857964082389575e+00
3.237796981929152107e+00
2.899776218236633341e+00
2.921460839441714974e+00
2.927496801256366687e+00
3.268051668540857602e+00
2.949223687835626606e+00
2.707730703464661381e+00
2.747444891997911753e+00
2.710641182519988313e+00
2.969442003187198864e+00
2.974862256936753546e+00
3.012217983879518002e+00
2.752181961972173241e+00
3.020240706837745925e+00
2.355854767666900607e+00
2.395789396714419706e+00
2.349146161280822209e+00
2.818119206173314240e+00
2.826840479759250790e+00
2.860991432571899029e+00
2.396021410985963218e+00
2.875871046259978581e+00
2.984486675627652019e+00
3.016801689461528380e+00
2.965880424138671589e+00
2.788074284840897921e+00
2.773813002382344184e+00
2.817429352722592206e+00
2.998355486415674065e+00
2.801758220989089665e+00
2.689242796627847820e+00
2.423558440583160056e+00
2.675266136059451849e+00
2.826587843140276668e+00
2.809731733826104971e+00
2.557169928387990510e+00
2.426205925139494290e+00
2.559329417441985832e+00
2.653247493114230249e+00
3.046405455534499929e+00
2.660438135276756544e+00
2.759219851439480564e+00
2.764858380493302459e+00
3.152886814319731279e+00
3.035490345444969318e+00
3.141214658259288139e+00
