2.800408969775636692e+00
2.969402938035372586e+00
2.766716010990526442e+00
3.109125653266566314e+00
3.087312814423246898e+00
3.287908926149418765e+00
2.954496359433837149e+00
3.278378421156743716e+00
3.644105774668596531e+00
3.773602502148202475e+00
3.630965860132124856e+00
3.107622324478273246e+00
3.102602278057194685e+00
3.227146592605544040e+00
3.753478425310543987e+00
3.215606989293275486e+00
3.096172919615363117e+00
2.906667906392162770e+00
3.100353468878543683e+00
3.478025829345970710e+00
3.483618442720218589e+00
3.278913208764990372e+00
2.908114472484980340e+00
3.282273197625679817e+00
3.246901272548067041e+00
3.717317261576189580e+00
3.244018387221249355e+00
3.526629149613376590e+00
3.526818408963813933e+00
4.014786730293829820e+00
3.721182302303239098e+00
4.019290541802098993e+00
3.617371908654417823e+00
3.905381758988090812e+00
3.627506394069578199e+00
3.348989771569415463e+00
3.354694969697137097e+00
3.626902754020949526e+00
3.930315661646245573e+00
3.648117437365574034e+00
3.581386529329940061e+00
3.187682754580190014e+00
3.536097588648237089e+00
3.199824802491135767e+00
3.167606902350417197e+00
2.821978662161912954e+00
3.178073223002189085e+00
2.826243283927551531e+00
3.626159213642095480e+00
3.578431409694030840e+00
3.615996390374319081e+00
3.309053496403954853e+00
3.301570877943918791e+00
3.263157615254208554e+00
3.569496095743802222e+00
3.259113652788784510e+00
2.775310155503782461e+00
2.705521073880521321e+00
2.782671005465675584e+00
3.313145849536239584e+00
3.317711779957733587e+00
3.236617733258467577e+00
2.713754594059281544e+00
3.242816700863995205e+00
3.329571248315642329e+00
3.374403908752407588e+00
3.335197859379917418e+00
3.501528750728295059e+00
3.509789999813611949e+00
3.547278794641404165e+00
3.382319571333471497e+00
3.559927946313416580e+00
3.280975895225024086e+00
3.314062608105855290e+00
3.291576563617659712e+00
3.522162556706678327e+00
3.536397465657731498e+00
3.556298549593215341e+00
3.326547077017977028e+00
3.572345348949289345e+00
4.032531504904907749e+00
3.310995485185942222e+00
4.066041862404264684e+00
3.417844482147552210e+00
3.441712414454741520e+00
2.743013400812428504e+00
3.294594612577448345e+00
2.718774336139929027e+00
3.346991375822754300e+00
3.388492936733738858e+00
3.337050472632225429e+00
3.553832661743256072e+00
3.538860463378929122e+00
3.596249788876601627e+00
3.375132051760105778e+00
3.575747265431204802e+00
2.891056338911504042e+00
3.103603494761920434e+00
2.891497940242684805e+00
3.535606698316662744e+00
3.525743005315766787e+00
3.762414291073216344e+00
3.088656330834422370e+00
3.741584485242566149e+00
3.714870946924580419e+00
3.161157486776494441e+00
3.701631023926746700e+00
3.499995716040579907e+00
3.488762341295729819e+00
2.957955442330673979e+00
3.171756542013112856e+00
2.970547444484386013e+00
3.308302324056930033e+00
3.485071430784832724e+00
3.327912635529203467e+00
3.066986279493977730e+00
3.084290786252239958e+00
3.240050983963500553e+00
3.523377752509369021e+00
3.271593561097013048e+00
3.293407039765978261e+00
3.580230523683360921e+00
3.302405516343200453e+00
3.119739353085030142e+00
3.126919103105122666e+00
3.399839602534091121e+00
3.572709149124055461e+00
3.396947710315874058e+00
2.810350814221848736e+00
3.174649363966814519e+00
2.787311001593917759e+00
2.933637668689858202e+00
2.916142136464258794e+00
3.303426950662129435e+00
3.188026809409449935e+00
3.319460795339843173e+00
3.638029295533619312e+00
3.208655624825432540e+00
3.613170648606050861e+00
3.737261850455369849e+00
3.710279555112865779e+00
3.301415070629547532e+00
3.218396646746862988e+00
3.311182017328845539e+00
3.577165432148067925e+00
3.572656883943263306e+00
3.577634107414930043e+00
3.691300968473592903e+00
3.691803382249159604e+00
3.686732343852141547e+00
3.573120237065387172e+00
3.687231551450186995e+00
3.627177577956891330e+00
3.620280922715219063e+00
3.627191756508507225e+00
2.882141853273975762e+00
2.881991288738241952e+00
2.875593142788836598e+00
3.620288514173898964e+00
2.875435510721410015e+00
3.437622118988793218e+00
3.432068544124348364e+00
3.450084454823486801e+00
3.342760140720256068e+00
3.350904288743551618e+00
3.337244786686928588e+00
3.444070620133675931e+00
3.344956797434283313e+00
3.281251963575712249e+00
3.277084784728055755e+00
3.258936283260338129e+00
4.072991434305686553e+00
4.037929082983114704e+00
4.068393813299732820e+00
3.254965947946335536e+00
4.033456292427780809e+00
3.772007098700647543e+00
3.415382885802807689e+00
3.772808935763858340e+00
3.686048114342026505e+00
3.686809004920355015e+00
3.333373642056601138e+00
3.415685729812366844e+00
3.333627107523606803e+00
3.028528545640268632e+00
3.388901826144602669e+00
3.028373317450191227e+00
2.918710552203617858e+00
2.918529814322125659e+00
3.272363130978410695e+00
3.389198777745604296e+00
3.272624539579182201e+00
3.328253316574791398e+00
3.869882468198335257e+00
3.328624816105486328e+00
2.666049006499105367e+00
2.672859552266728222e+00
3.167220312221895373e+00
3.851031824498656775e+00
3.157797840297630554e+00
3.303113655143866012e+00
3.114567374817662326e+00
3.299010962622771714e+00
3.542878115080547730e+00
3.537026048496057840e+00
3.349358801165533972e+00
3.118419521807514361e+00
3.349303171555726433e+00
3.653939007265947669e+00
3.502556802001472569e+00
3.695296483125602549e+00
3.860685137614927598e+00
3.907095282793860758e+00
3.704966486564595041e+00
3.530909827335747320e+00
3.739081693517910310e+00
2.852856725145421990e+00
2.636947896461939944e+00
2.855075169593268569e+00
3.132225997511529414e+00
3.131153220467719489e+00
2.909970997882573851e+00
2.649930138475900865e+00
2.917714963792584548e+00
3.136091341735795623e+00
2.914651850435023839e+00
3.141099360945391439e+00
2.911506548321373344e+00
2.910513514857221651e+00
2.691984576854787203e+00
2.903495681050064725e+00
2.676674568228052831e+00
3.898673607600710689e+00
3.723227494545661376e+00
3.911009956061902937e+00
3.715449654903907994e+00
3.726382752138661214e+00
3.543505560789561581e+00
3.730339841932622136e+00
3.549062795848359819e+00
3.081467744050177870e+00
2.893760841598996159e+00
3.086296115507355609e+00
3.723140559841396691e+00
3.734716020589843755e+00
3.523411125881430017e+00
2.889409596907551503e+00
3.526656024484193797e+00
3.095387893767737708e+00
3.714804435981732489e+00
3.119236541169092103e+00
2.895476323984231826e+00
2.930726865640608025e+00
3.504473360835444140e+00
3.670970844936631394e+00
3.466732203959901337e+00
3.379053489830886825e+00
3.896466552562818819e+00
3.365840683087300000e+00
2.822962199194338773e+00
2.788677050522653467e+00
3.305895292835524302e+00
3.946930197102813231e+00
3.336178082960189695e+00
3.437172542330520830e+00
3.187591049348709404e+00
3.425310481087986858e+00
3.642592122406806077e+00
3.627855417163291740e+00
3.385440677555064948e+00
3.188347580272131943e+00
3.385512278257603924e+00
3.785561639111758581e+00
3.889376082558813064e+00
3.757552487265183760e+00
3.590825260397828345e+00
3.565843493239441386e+00
3.691903084735991936e+00
3.859111090205794792e+00
3.664368501266697997e+00
3.016839943528554890e+00
3.159954311363148971e+00
3.023783538977015350e+00
2.755890425996799564e+00
2.763447805738233676e+00
2.897979912752211895e+00
3.159723229412472190e+00
2.898629892721626966e+00
3.237239304827013608e+00
3.183776289878780918e+00
3.237330581376776095e+00
3.244297976865223809e+00
3.244431749319414582e+00
3.190806043778217305e+00
3.184730479238343737e+00
3.191824314800270290e+00
3.990425199938274492e+00
3.947278879683955743e+00
3.934020103911952670e+00
3.996134200389677371e+00
3.939592104355598146e+00
3.952957419635209746e+00
3.893446513085855543e+00
3.898984977760898918e+00
3.145406378760063237e+00
2.736883437924308993e+00
3.154120660081606076e+00
3.609267063163655642e+00
3.622151524901729314e+00
3.181380340861835077e+00
2.728323144680817158e+00
3.178685332807572816e+00
3.233236213348208654e+00
3.582415663219428392e+00
3.228933006205310985e+00
2.790082357179740846e+00
2.782918847608031321e+00
3.126357292178060909e+00
3.587452154565232920e+00
3.125984237092088946e+00
2.783231916088205082e+00
3.145538842085701781e+00
2.781888617601040892e+00
2.791677349714404066e+00
2.790363883731105332e+00
3.154492599495672067e+00
3.149127569831730700e+00
3.158114040307111736e+00
3.621390485283624727e+00
3.290222645867869833e+00
3.623820538236340205e+00
3.627955258757958212e+00
3.630394429672711087e+00
3.296552196388037537e+00
3.289599637171110480e+00
3.295943967410187803e+00
3.490187332474961046e+00
3.241654180479261793e+00
3.531694398256445044e+00
3.914725572509502260e+00
3.966317553610904323e+00
3.649546463662404427e+00
3.262891897062478286e+00
3.683171303961184861e+00
3.634964400956113728e+00
3.242032386949313505e+00
3.613156058770737200e+00
3.230798435175461947e+00
3.217989500494434107e+00
2.853126183285285222e+00
3.250093280793957984e+00
2.869792945401519191e+00
3.436359542698847580e+00
3.278306106852607371e+00
3.439612828651189336e+00
3.013253423328473346e+00
3.014039258063483384e+00
2.862836777920578335e+00
3.279070036650487463e+00
2.861382659064809708e+00
3.337327576113517935e+00
3.221257942876252667e+00
3.339963674767363777e+00
3.800996857440545718e+00
3.804684178470239431e+00
3.678147610233583276e+00
3.222887006656774300e+00
3.680921319095821875e+00
3.805068576336883002e+00
3.664045738028713917e+00
3.829014878988826975e+00
3.810398533478086769e+00
3.834454571184187532e+00
3.669294896971155850e+00
3.676909030349998719e+00
3.682271631495625641e+00
3.012212590167912207e+00
3.625390929112557892e+00
3.028495952514650202e+00
3.018794695048873766e+00
3.035299821472940973e+00
3.632549025938784037e+00
3.604321337958546589e+00
3.611399113579586651e+00
3.074018727608089474e+00
3.066315740394897738e+00
3.069572622670525330e+00
3.224330005380179553e+00
3.221247667317413743e+00
3.216379642415024165e+00
3.061687674062268272e+00
3.213102065140367003e+00
2.993871177750680346e+00
2.988683548305027138e+00
2.977697158029612545e+00
3.209443361268648598e+00
3.186031855812460734e+00
3.204002115685989249e+00
2.972388425996696171e+00
3.181248898997429464e+00
3.814123639803630450e+00
3.475894827126179365e+00
3.825797712442673415e+00
3.570127804496179280e+00
3.580251531732752124e+00
3.242366193938179375e+00
3.480992724320908227e+00
3.245556714288869937e+00
3.077593394979831753e+00
3.412873158047459388e+00
3.076417850785039931e+00
3.627532651698594623e+00
3.628712810457315641e+00
3.986129269631189409e+00
3.417569412681944474e+00
3.993134255474273697e+00
3.036817384099560702e+00
3.314440745349723993e+00
3.047509675031994547e+00
3.432640707486665388e+00
3.457950119596535199e+00
3.728318815719412260e+00
3.363737550841197521e+00
3.789072502700347123e+00
3.818673668857170078e+00
3.489825980925699511e+00
3.810680410746362323e+00
3.289561462972275141e+00
3.283801707798033043e+00
2.980673435833663731e+00
3.486476678532849149e+00
2.982631752638532419e+00
3.443899364620574666e+00
3.439177734043284751e+00
3.436356801801516259e+00
3.393789388701405674e+00
3.386549080782573107e+00
3.389093389597713557e+00
3.431706885113555927e+00
3.381940630964438199e+00
3.466126584055195359e+00
3.458535545657530186e+00
3.467201917117645582e+00
3.428419756322782952e+00
3.429651844639526992e+00
3.420855718069971019e+00
3.459738638942120748e+00
3.422215137731184242e+00
3.086463326658010597e+00
3.284663898701778884e+00
3.089780173510524364e+00
3.415221048074052579e+00
3.413255565743355202e+00
3.618977318649973185e+00
3.280115863801062570e+00
3.611967750019262180e+00
3.865431225683357841e+00
4.022792274209071373e+00
3.860240978915114862e+00
3.429593242198819780e+00
3.426168751016980263e+00
3.579368541262458958e+00
4.015796620637117620e+00
3.573951404486397365e+00
3.380549504608358014e+00
2.850802382791896239e+00
3.396161311011985706e+00
3.322568102384268141e+00
3.337447411089702776e+00
2.796810364860049081e+00
2.836995592840332314e+00
2.779103214658579901e+00
3.499292013116353850e+00
3.685678447702958049e+00
3.490572871661035581e+00
3.457112658967003593e+00
3.449381360454821799e+00
3.642711649176493260e+00
3.661822139729620673e+00
3.619776536478108486e+00
3.481110139916233415e+00
3.667420362838013759e+00
3.480996718981995475e+00
3.442787736737062509e+00
3.442427124075342793e+00
3.628280491871531233e+00
3.673627831800836407e+00
3.634249786108410873e+00
3.447462800106775305e+00
2.824141741930118243e+00
3.450841628417420370e+00
3.393953427564073699e+00
3.397131695937692264e+00
2.771103204168177569e+00
2.817943189519161784e+00
2.764346650100296898e+00
3.473183301115815524e+00
3.622277451766036105e+00
3.496843105898296944e+00
2.950500217301772921e+00
2.962589317134171729e+00
3.092356502191993428e+00
3.661469829012082400e+00
3.115230322521455708e+00
2.598571288913539501e+00
2.828871435096078191e+00
2.623762944915920770e+00
3.007431362494344729e+00
3.024479165917519641e+00
3.247333627033996528e+00
2.835394993184572776e+00
3.245647473032724051e+00
3.066252453837642555e+00
3.713884247623834511e+00
3.064478046864420158e+00
3.258643420137267377e+00
3.257493895193776190e+00
3.922372363173896481e+00
3.718506044845858227e+00
3.927488167811523212e+00
3.025226779834047530e+00
2.942695429411335439e+00
3.025304484319263132e+00
3.301567858251680754e+00
3.302246201617728083e+00
3.213414134064343397e+00
2.942029648822870769e+00
3.213396359645154909e+00
3.845969817974095761e+00
3.770218925836865687e+00
3.849442110385390858e+00
3.204784132636512073e+00
3.206849435933472936e+00
3.137135676177191801e+00
3.773212627348000225e+00
3.138781534561624120e+00
3.079436760927865446e+00
2.967539443360569074e+00
3.084554665960215214e+00
3.309861571888826237e+00
3.306003060368967184e+00
3.195883993753164454e+00
2.988787004326945329e+00
3.207981022866084775e+00
3.063971434078447409e+00
2.749063210647348932e+00
3.060743189594353986e+00
3.678782305276419695e+00
3.669845854419597764e+00
3.345070554220414216e+00
2.761938883707077963e+00
3.347706276491747346e+00
3.849335504850140754e+00
3.603180597708675936e+00
3.839395924287146933e+00
3.661267113223886316e+00
3.652387389220517644e+00
3.420010343788647322e+00
3.598577179569601991e+00
3.416645628635367249e+00
3.450540373746271872e+00
3.197722648058337391e+00
3.483843889495423785e+00
3.244099617038338934e+00
3.270226073464290728e+00
2.996142160351887629e+00
3.196404306805133988e+00
2.991224169704755909e+00
3.446057449003907536e+00
3.946595323457640081e+00
3.449406581447228337e+00
3.293106586087890975e+00
3.295489404873497730e+00
3.783078450820712924e+00
3.933458731470054648e+00
3.771129503500523228e+00
3.086561785342997410e+00
3.377226578033318827e+00
3.080673857225201484e+00
3.211778848488462401e+00
3.203712880190209500e+00
3.504110865379585160e+00
3.388981779396506244e+00
3.518011587018222475e+00
3.871220921673661497e+00
3.340301741203854480e+00
3.841286779270513208e+00
3.107492686916617952e+00
3.095251556459372999e+00
2.613863687232640842e+00
3.354937805960466868e+00
2.645627663626570314e+00
3.330850303423052772e+00
3.269331618665554107e+00
3.325340803988416027e+00
3.481784010965825793e+00
3.475742406397500872e+00
3.418696457239018383e+00
3.264283963436146241e+00
3.413073713059293190e+00
3.498111516647129271e+00
3.404129258131579405e+00
3.496632758199616831e+00
3.609271704180994966e+00
3.607486593883833415e+00
3.514199613732208682e+00
3.403670379221481301e+00
3.513425666200451492e+00
3.473469384819138916e+00
3.569884589843860923e+00
3.491039087884199699e+00
3.400773848562039792e+00
3.415641923690319715e+00
3.496287275614894163e+00
3.599488549846948438e+00
3.523249528781551732e+00
3.414316851809266584e+00
3.488240957620628357e+00
3.395746594901253967e+00
3.310451117362533058e+00
3.293368035249280457e+00
3.383282572067910277e+00
3.467357899940454402e+00
3.363803050801225769e+00
3.473345933218813464e+00
3.199986864983707324e+00
3.481874681141992056e+00
3.387157679423169032e+00
3.394915913022470200e+00
3.114284010656521051e+00
3.199680067112830706e+00
3.115076384180477831e+00
2.585740783602963333e+00
3.085448670441119923e+00
2.580054874336549453e+00
3.351015162271052450e+00
3.345672809965187344e+00
3.888191555872908101e+00
3.085470142654477055e+00
3.894918587744778282e+00
3.357599494328122436e+00
3.532610818720076207e+00
3.355787274329265379e+00
2.767174572186231529e+00
2.776020374720291173e+00
2.930912606374914464e+00
3.520874587165291558e+00
2.929935311023055711e+00
3.376172795912961710e+00
3.502047571076433830e+00
3.369763008293642947e+00
3.610273746415915141e+00
3.601698205686832743e+00
3.739540136427808914e+00
3.491672220702147111e+00
3.727143875524802752e+00
3.702229952996760609e+00
3.129878396999303369e+00
3.753779269318196388e+00
3.905285411590719846e+00
3.962801615978273961e+00
3.319579197425910788e+00
3.109845179752591893e+00
3.303563913139381025e+00
2.945015489077116744e+00
3.087285471756541888e+00
2.945219640090098512e+00
3.212535937771407557e+00
3.209227778314671209e+00
3.354384968843455717e+00
3.081034151253200015e+00
3.345366146478190750e+00
3.158063506987028646e+00
3.281022491871457003e+00
3.165450879786112282e+00
2.921180082549386547e+00
2.924772478786869634e+00
3.037253575470727718e+00
3.290804933138936406e+00
3.048379838831657640e+00
3.920312799457637887e+00
3.333156267365982917e+00
3.932986879468938213e+00
3.734946530251563868e+00
3.746450655019221809e+00
3.161251736068571017e+00
3.328619967847766148e+00
3.153372451444078628e+00
3.052873210583282315e+00
3.157464353411954860e+00
3.059835266741574689e+00
3.772836558836417442e+00
3.786133747740392241e+00
3.890249637936463056e+00
3.167193556369754415e+00
3.906220281899433378e+00
3.186236037020806933e+00
3.355247464933007517e+00
3.193697447854895621e+00
2.985287796960814699e+00
2.995567333800343235e+00
3.148988976783712701e+00
3.342997685958509546e+00
3.142972792406443006e+00
2.738402492162116175e+00
2.793726759886481226e+00
2.718389667149472722e+00
3.107484736863560304e+00
3.103199828626924450e+00
3.165067814618339082e+00
2.781052498920887572e+00
3.167943547110436242e+00
3.576824775379872978e+00
3.621941065973293128e+00
3.547161289602149825e+00
3.876227207572033873e+00
3.839672788398221570e+00
3.922891844709208709e+00
3.589466444700629477e+00
3.883769656707164231e+00
3.488618081348251465e+00
3.229453303576977685e+00
3.488115909652813151e+00
3.833239284608697783e+00
3.832627465319353721e+00
3.560097694683905800e+00
3.229216720495572623e+00
3.559747027207071923e+00
3.593486563746143059e+00
3.982648344563334053e+00
3.593412365279631260e+00
3.083231537439534709e+00
3.083266299439380909e+00
3.448236923674262044e+00
3.982254205258304314e+00
3.447948124647890022e+00
3.393918579090619225e+00
3.792167265359599249e+00
3.392730252645074440e+00
3.105264199713945406e+00
3.099908896765965594e+00
3.488192056978940858e+00
3.816502461854025086e+00
3.507935589954156441e+00
3.314827869478695899e+00
3.011180299360649570e+00
3.299174264343076146e+00
3.886070531282857843e+00
3.861281986202882432e+00
3.564748599878444946e+00
3.018767598540559760e+00
3.559549382916941340e+00
3.752220564058925678e+00
3.799985772764093994e+00
3.751663619711209652e+00
3.495163456234545052e+00
3.494716477495884988e+00
3.541380395788860103e+00
3.799375978645046725e+00
3.540877126129021057e+00
2.950273825245035120e+00
3.024084960203371253e+00
2.950614367193764576e+00
2.615645078994903283e+00
2.616084725041558201e+00
2.689681984875665677e+00
3.024359790931553604e+00
2.690018977146008794e+00
2.702820530880011507e+00
3.035212275236038870e+00
2.706966609297622561e+00
2.726210919826314694e+00
2.730251833257432814e+00
3.058777228090092670e+00
3.034848697447396493e+00
3.058343394987011798e+00
3.575041086039039140e+00
3.832155399648445204e+00
3.574061551708913154e+00
3.593301883988200718e+00
3.592285960628875507e+00
3.850906989144143200e+00
3.829295516263782950e+00
3.848016437451195149e+00
3.501834391464294871e+00
3.070297811972385382e+00
3.525530196555353157e+00
3.908648511993664698e+00
3.939428215601881611e+00
3.454998562654515659e+00
3.058933668430111386e+00
3.453235777185037048e+00
3.548199083121990949e+00
3.848917904406657708e+00
3.538945522478960548e+00
3.187927791328318605e+00
3.186070636290970093e+00
3.474825613095548160e+00
3.812767833306162757e+00
3.447797312820758631e+00
3.360768159718399595e+00
3.451817432837583688e+00
3.356771748502347386e+00
2.920197174127217910e+00
2.918596076973651421e+00
3.003166269212637740e+00
3.446574848302312866e+00
3.000672193564370538e+00
3.208504202629660629e+00
2.572761151810793123e+00
3.205691148239681265e+00
3.726385678297333026e+00
3.722294233473524727e+00
3.055903616756747265e+00
2.577143608192564272e+00
3.058845265982052641e+00
3.734894759882910531e+00
3.818626871213862461e+00
3.755885611416914127e+00
3.751854026531546538e+00
3.773123022583897423e+00
3.835768154191675716e+00
3.843741936857239860e+00
3.861136254641675425e+00
2.933013737430538725e+00
3.058164259571012789e+00
2.952115938111115057e+00
2.954774210305749271e+00
2.971491177291106123e+00
3.080418484076563157e+00
3.061340466321707865e+00
3.082615818523112061e+00
3.445320451569774178e+00
3.339561350408681406e+00
3.444510351031776718e+00
3.081227310533161567e+00
3.071328171758035186e+00
2.979409283170778799e+00
3.323436270790987468e+00
2.951817058219782020e+00
3.429569384136791577e+00
3.353374755083039283e+00
3.421840919037749895e+00
3.855396407822759830e+00
3.844564414933027585e+00
3.775439576685597487e+00
3.347650956102409925e+00
3.766465100377805797e+00
3.782137656989000618e+00
3.377880806714055328e+00
3.766362432281318284e+00
3.801261495743279095e+00
3.785338934986329118e+00
3.396071237647118046e+00
3.374591464076754033e+00
3.392603292506124024e+00
3.008416567315163270e+00
3.259800085045599261e+00
3.009363242384107018e+00
3.036560991375194085e+00
3.034278628165038239e+00
3.286046565984121148e+00
3.254328908414978905e+00
3.280433803156619810e+00
3.270450716841402983e+00
3.670976623164361463e+00
3.272090750471415621e+00
3.066698503477277793e+00
3.069186784749280417e+00
3.458544784336949007e+00
3.691575359108155929e+00
3.476705394505684055e+00
4.012967299713949387e+00
3.755826874380627789e+00
3.959201373911232835e+00
3.848829886490294339e+00
3.799355831453170129e+00
3.595935830748378415e+00
3.724243585324265471e+00
3.569545856896795044e+00
3.205164179196702712e+00
3.283050541520011745e+00
3.220786596576208360e+00
3.450333769402020412e+00
3.467785134120859425e+00
3.528874513198166696e+00
3.299845123298906557e+00
3.551847851748933582e+00
3.241027895041447504e+00
3.367103685413569192e+00
3.230294523234329418e+00
2.587391020919542761e+00
2.574393296685604682e+00
2.707379209562066791e+00
3.364279526937473008e+00
2.700210030360481461e+00
2.898884235625720951e+00
3.391070479127696657e+00
2.894909000873836291e+00
3.254672126859045278e+00
3.254099175486639517e+00
3.769220183385469269e+00
3.399817597030604155e+00
3.780465061275396277e+00
3.705036420622363824e+00
3.462248905819804268e+00
3.709317307842999067e+00
3.258233355371657591e+00
3.260511567778566988e+00
3.026447783895231058e+00
3.462265678803839730e+00
3.024303240498678491e+00
3.181371641912940529e+00
3.000540792633646259e+00
3.201795902362587487e+00
3.138835685296319067e+00
3.156035648081799927e+00
2.957226298948183896e+00
3.002249559494263309e+00
2.957619733388862748e+00
3.322391145998497830e+00
3.017798619592876097e+00
3.324317881710770806e+00
3.290635950474548377e+00
3.292987410106000823e+00
2.986796771597417965e+00
3.037132989436336139e+00
3.005903966828035401e+00
3.694021600713854436e+00
3.431528709790239606e+00
3.687976678394361052e+00
3.667677813068449311e+00
3.661807789449927686e+00
3.405886795819053070e+00
3.431599567635704062e+00
3.406138932339587200e+00
3.657876250371728144e+00
3.465685051642616976e+00
3.652571600041575106e+00
3.622005359664913104e+00
3.616824369332157119e+00
3.430564731186831473e+00
3.463040511880567163e+00
3.428057963647037187e+00
3.673900126385992948e+00
3.468120931681525132e+00
3.697015688091969121e+00
3.199443420392822368e+00
3.212374887609920737e+00
3.004301396048932649e+00
3.477264196811848951e+00
3.006360750036638052e+00
2.877304933641547713e+00
3.373068834807841032e+00
2.892183665279126181e+00
3.276788852380516648e+00
3.278860013225327386e+00
3.794571686730465299e+00
3.336593517045402635e+00
3.747018443834529755e+00
3.205950197480589292e+00
3.643543310305436655e+00
3.198236530748755246e+00
3.176202138038076939e+00
3.167981917945962511e+00
3.612365871873310041e+00
3.660911975533075680e+00
3.629313261141222657e+00
3.153335804760123207e+00
2.817461121216215059e+00
3.140042949008175821e+00
3.110389694536937366e+00
3.097919872743491343e+00
2.772940406613894737e+00
2.835598694885672622e+00
2.795497374749243757e+00
3.917493135205771804e+00
3.957900036561841528e+00
3.949161220039328235e+00
3.483151639667201760e+00
3.507894051459108820e+00
3.520994826512023668e+00
3.990571708426938979e+00
3.547005830538454862e+00
3.215973866326546027e+00
3.270204595836961214e+00
3.214312705420077965e+00
3.579865557175875068e+00
3.582657873167147677e+00
3.636276886829617805e+00
3.271359803212817052e+00
3.641886893449004514e+00
2.743787842867031479e+00
2.799675898875000790e+00
2.728763289175931916e+00
3.381665806825681742e+00
3.380176293342207927e+00
3.439403817461258228e+00
2.786361997583672867e+00
3.444024090701803598e+00
3.592842466789068379e+00
3.636465594131832013e+00
3.574629587112458484e+00
3.321517300346005008e+00
3.307249813967148011e+00
3.363736699553893761e+00
3.616454030854538093e+00
3.347531207224497152e+00
3.193549714388071337e+00
2.834357952492084110e+00
3.181069414656159999e+00
3.383300554993448728e+00
3.369583144207667136e+00
3.016741153082383331e+00
2.847781172257620952e+00
3.030363066881044176e+00
3.142973363769770767e+00
3.676797552920562762e+00
3.158618909941393493e+00
3.283515851474214653e+00
3.300663535001266524e+00
3.827640629677930839e+00
3.667052805694272610e+00
3.816132746909575602e+00
