2.150635222611833264e+00
2.252602184776601124e+00
2.144680747926412945e+00
2.334292493311014294e+00
2.328835975926689450e+00
2.437464226936060907e+00
2.253179213700807981e+00
2.443075286983589223e+00
2.650973138013425157e+00
2.726195994683845214e+00
2.637516981260441984e+00
2.341900510507239908e+00
2.333497326492135038e+00
2.416025350055520882e+00
2.709444036504323527e+00
2.403708029941943103e+00
2.327385165392555244e+00
2.212013639425880029e+00
2.330970577392708520e+00
2.549671113702895564e+00
2.554127694227696477e+00
2.430028424174888180e+00
2.214300731612583562e+00
2.433434171382326205e+00
2.419115857034932926e+00
2.693892958063451637e+00
2.419955618393419883e+00
2.580250738016061085e+00
2.581517685114443683e+00
2.862899772429370326e+00
2.696831001880493517e+00
2.864605267109959996e+00
2.623574450361362942e+00
2.795765161076909422e+00
2.636227697890908495e+00
2.472046364700601462e+00
2.482394766385350504e+00
2.635836668989909093e+00
2.814038518387858456e+00
2.652418280109522630e+00
2.618880111782699416e+00
2.387454350675532133e+00
2.583684533691455343e+00
2.398590408884679448e+00
2.371261800120102681e+00
2.171759461111141043e+00
2.370421501450117763e+00
2.163708460263682021e+00
2.636976666344536646e+00
2.610689903644891174e+00
2.628384630700057123e+00
2.457668011759400972e+00
2.450469394761459085e+00
2.430534595465498438e+00
2.602617813137620750e+00
2.423949309891846760e+00
2.150754030954098006e+00
2.107946676856696122e+00
2.152359816493389033e+00
2.463489079176488072e+00
2.463392115991841713e+00
2.419353855759326599e+00
2.110327533439526171e+00
2.420087387707536841e+00
2.454092685147188924e+00
2.480541110737171984e+00
2.467136382650926940e+00
2.552248067730675807e+00
2.567978949954308199e+00
2.579115078646765369e+00
2.495811966341634491e+00
2.597027376843907831e+00
2.443097748145678150e+00
2.462694825337361060e+00
2.454539493141965956e+00
2.581037945902135977e+00
2.594326081898698177e+00
2.601051961692225412e+00
2.474993207193882050e+00
2.615142491792751933e+00
2.867554184722845179e+00
2.447328613745883175e+00
2.892408934133887222e+00
2.521052376921715243e+00
2.540069872981682408e+00
2.116649993207492919e+00
2.448313062268010043e+00
2.112116697570711299e+00
2.482149404642959745e+00
2.506294490559578314e+00
2.466128271411670347e+00
2.600067058559329514e+00
2.581338667153692867e+00
2.624591356562183009e+00
2.488579862675420529e+00
2.604188280112303744e+00
2.209059540586135739e+00
2.335055145699564516e+00
2.203218209259092841e+00
2.582622334232722139e+00
2.569601166787781388e+00
2.713683376293442695e+00
2.322777113403481586e+00
2.695386192976507722e+00
2.694500734515901108e+00
2.373214964425789386e+00
2.683807583664578722e+00
2.573924405481729849e+00
2.564235033505353201e+00
2.254842177229361866e+00
2.375304381697763034e+00
2.256447766113961251e+00
2.449887291945344714e+00
2.556544578213966190e+00
2.473061062077743344e+00
2.310339096512450840e+00
2.328813810235720538e+00
2.416117955998298150e+00
2.587150865155137147e+00
2.443205656513660173e+00
2.446799766551899680e+00
2.612717571748844225e+00
2.444754973108266505e+00
2.344005164287375820e+00
2.345474116807128695e+00
2.510002058943261449e+00
2.603310511130846550e+00
2.501903484494147456e+00
2.153909276317708343e+00
2.374065856219929493e+00
2.151347678144366338e+00
2.226099923816202697e+00
2.225727672572406668e+00
2.447956017798675887e+00
2.388957361808579982e+00
2.466447002579206682e+00
2.646381904628948956e+00
2.397670028510402673e+00
2.624711384155738791e+00
2.703004468454291320e+00
2.680138020752661721e+00
2.452104292496069426e+00
2.393280652418292576e+00
2.446401908891405963e+00
2.612830377073001475e+00
2.610175395186813851e+00
2.613199698212496536e+00
2.676255485985139515e+00
2.676643838824354305e+00
2.673549526515919261e+00
2.610543372261806994e+00
2.673936562756349389e+00
2.641317088780428257e+00
2.637320866302227174e+00
2.641419531466373982e+00
2.211730772974523251e+00
2.211734032557863383e+00
2.207919049580102655e+00
2.637420013083889181e+00
2.207918896485852489e+00
2.526848652762326619e+00
2.523577890084744979e+00
2.541781804197186023e+00
2.471313671376494270e+00
2.485139164388005639e+00
2.468069748968622079e+00
2.538297232727404928e+00
2.481677784561560518e+00
2.449292420993895547e+00
2.446831823622921398e+00
2.430880795229398039e+00
2.897611343568636144e+00
2.871641137803934818e+00
2.894876680493425170e+00
2.428485959304809150e+00
2.868942975527371431e+00
2.714545081180043340e+00
2.504294866007930942e+00
2.715152671685862273e+00
2.665622395912324194e+00
2.666210249161677481e+00
2.457411161686022361e+00
2.504666381094135197e+00
2.457754924032359511e+00
2.291466028945901456e+00
2.505661129073956772e+00
2.291512634742574495e+00
2.225878539926000599e+00
2.225900315712372013e+00
2.438817150121002975e+00
2.505934564328284431e+00
2.439071452485581215e+00
2.463327189852903665e+00
2.779150639930202615e+00
2.458669762042206663e+00
2.077688680988445391e+00
2.076256855712941718e+00
2.377412891152774765e+00
2.765299075247444449e+00
2.367310784209111674e+00
2.461180092291502142e+00
2.348619456672809136e+00
2.456103482947822325e+00
2.598012409881984119e+00
2.592057159080239259e+00
2.486028791829296480e+00
2.346586551909973117e+00
2.482852320484368214e+00
2.653114177454297451e+00
2.565050706760914956e+00
2.684994482236220836e+00
2.770748060569053539e+00
2.806693202084836969e+00
2.678835521890730931e+00
2.591232514343415616e+00
2.707975381341123366e+00
2.192768262549613212e+00
2.066213092113399874e+00
2.190596073273917366e+00
2.354522817177153726e+00
2.350630333056081156e+00
2.223149429749937678e+00
2.068205515701592390e+00
2.223800497600658232e+00
2.347918272912824733e+00
2.213846640829316925e+00
2.355081847299123510e+00
2.213686298808211550e+00
2.218301931157393270e+00
2.083076457096017187e+00
2.213550801637578669e+00
2.082467975812238414e+00
2.797238876352043935e+00
2.693538684029602948e+00
2.806766255886133266e+00
2.691637590546532621e+00
2.700578578969839327e+00
2.592822788231619935e+00
2.700775308201786906e+00
2.599284897901203095e+00
2.320953979808683343e+00
2.209734710193163920e+00
2.327309600002445578e+00
2.689835360637615302e+00
2.700259963029356669e+00
2.574649422181029657e+00
2.211557003812611555e+00
2.581114909172423033e+00
2.333074764462354622e+00
2.693838164560690362e+00
2.334842633464743855e+00
2.217592759980991701e+00
2.222260572661153510e+00
2.575832828640466587e+00
2.659129443265467074e+00
2.544294714031706484e+00
2.481604986212747832e+00
2.785521954728650051e+00
2.490179132645176097e+00
2.158184212669002289e+00
2.155310019620931605e+00
2.449242328684919201e+00
2.825143962656593288e+00
2.478217216061129768e+00
2.531792706072453214e+00
2.384726566548949656e+00
2.520065505140999029e+00
2.647123447735080237e+00
2.633911467572512599e+00
2.499304903279774059e+00
2.379437007724309883e+00
2.492316769237377994e+00
2.727848248675844189e+00
2.789005420539826474e+00
2.706771523958927617e+00
2.618488222258453568e+00
2.599062553349569704e+00
2.676803617334845953e+00
2.767226288959370173e+00
2.656543698828993882e+00
2.289278869008483319e+00
2.373480140964319141e+00
2.287166909107763324e+00
2.138076227434364540e+00
2.135629797058335111e+00
2.218761014854823799e+00
2.367938868675409481e+00
2.215156122475110401e+00
2.412741133691858053e+00
2.381466577134542906e+00
2.417218410822234986e+00
2.416803155284096505e+00
2.421302099374660788e+00
2.385491779269235835e+00
2.385071217352374262e+00
2.389131412446003910e+00
2.852583542994920229e+00
2.828094944258305432e+00
2.812189580246341247e+00
2.855757242384016514e+00
2.815266682099115680e+00
2.831242642601929482e+00
2.786924054346333168e+00
2.790064155020972159e+00
2.358575210605446948e+00
2.112162154525746960e+00
2.364729185067071082e+00
2.623670359856210332e+00
2.634175745550649594e+00
2.372445083632783280e+00
2.111409382223422782e+00
2.375298576550481044e+00
2.413861872571465117e+00
2.616694578130967841e+00
2.414451522886096768e+00
2.153437245068278383e+00
2.154306486425890732e+00
2.351828297349340069e+00
2.621844909177937666e+00
2.355322090187045525e+00
2.140769693415026875e+00
2.359110610632757066e+00
2.141298392508008241e+00
2.145802350161489791e+00
2.146354715697341931e+00
2.366220688174433207e+00
2.362141361588461219e+00
2.367371688429789955e+00
2.639044720152909029e+00
2.448340558192754202e+00
2.641172335061284571e+00
2.642783691089832132e+00
2.644922719096792108e+00
2.451966205369588092e+00
2.449011959163557961e+00
2.452645882302428859e+00
2.558874137272487914e+00
2.408500651575112617e+00
2.590352520468062636e+00
2.800204734774739634e+00
2.836478582432726547e+00
2.640030667407011755e+00
2.432029850953822958e+00
2.670322728107644927e+00
2.641217066241000389e+00
2.413397098302665356e+00
2.619926265932705611e+00
2.411955605814537051e+00
2.395665827138293125e+00
2.185642761252583277e+00
2.407957921599591433e+00
2.186957528339372292e+00
2.520152941357813425e+00
2.427216813728791500e+00
2.523483668425578141e+00
2.276012515072219244e+00
2.278175019602916240e+00
2.185750791722812281e+00
2.429334134934757472e+00
2.186556190793674581e+00
2.478621441790435753e+00
2.410010460647480812e+00
2.480920563610880869e+00
2.741250378338107474e+00
2.744098171909742589e+00
2.669383223485332746e+00
2.411853271858627856e+00
2.671808601512326131e+00
2.737579947866537466e+00
2.655045766094184412e+00
2.758303313936782075e+00
2.740600091398890825e+00
2.761387298402575130e+00
2.658045203757610331e+00
2.670442547195184702e+00
2.673499999108672753e+00
2.286450446193851960e+00
2.644125859698529535e+00
2.287665914730418137e+00
2.290369122373727695e+00
2.291512691768980758e+00
2.648225591150381142e+00
2.627642395346278192e+00
2.631656622236087983e+00
2.314372692217741001e+00
2.309767636928449885e+00
2.314489054870100482e+00
2.401715563383080898e+00
2.402528036379545817e+00
2.397097259219236776e+00
2.309780689334403725e+00
2.397811186057076327e+00
2.278458009717813759e+00
2.275292157395369941e+00
2.256009808504346736e+00
2.404014979853373646e+00
2.377923507587791363e+00
2.400807733379374476e+00
2.253202463905302988e+00
2.375070967852656700e+00
2.742059860590017273e+00
2.542880341336225758e+00
2.750737402308459423e+00
2.604667398803060863e+00
2.612528372097285612e+00
2.409337033627931390e+00
2.548482487359489568e+00
2.413893305069279904e+00
2.321430733656501655e+00
2.521830874462117400e+00
2.322483091076851469e+00
2.637857543506095581e+00
2.640399925642483048e+00
2.846701531888900405e+00
2.525954839331444823e+00
2.851922293509016715e+00
2.287702456391100814e+00
2.458232380948430773e+00
2.307780328945241877e+00
2.517288480499050962e+00
2.547503022649147297e+00
2.692858508333265899e+00
2.496080393523586238e+00
2.738050885428177317e+00
2.751287909855458125e+00
2.560360191120309103e+00
2.745393917998361744e+00
2.451115978934280015e+00
2.446403306030098257e+00
2.265148949862892280e+00
2.556534320843155239e+00
2.262945328513510823e+00
2.533094521687272227e+00
2.530293135666076054e+00
2.526769434822106586e+00
2.504452002428632085e+00
2.498302393005628730e+00
2.501669479678681363e+00
2.524000569325550281e+00
2.495551621449865642e+00
2.548710769364404882e+00
2.544335309333555450e+00
2.547478650987508697e+00
2.527228739136123004e+00
2.526079427102724040e+00
2.522864352563715329e+00
2.543166116982695790e+00
2.521778030725805309e+00
2.318073145473554142e+00
2.435627907002356096e+00
2.317483474823219591e+00
2.507427164475684922e+00
2.503478598736332827e+00
2.624876846189169832e+00
2.430584540102863844e+00
2.618505786214582631e+00
2.776733562034035430e+00
2.866876077299191472e+00
2.772370289882547745e+00
2.530411187082069358e+00
2.526960972012763040e+00
2.617977148635798557e+00
2.863218550869572887e+00
2.613639113156742688e+00
2.501842191034297613e+00
2.184300274275778886e+00
2.514968828660483879e+00
2.468630186482776878e+00
2.481378133782895734e+00
2.152127120722690634e+00
2.181966687450403342e+00
2.151516371055074206e+00
2.571285066871050518e+00
2.677206559919653728e+00
2.557139128720513188e+00
2.547282786447483183e+00
2.533641329065829506e+00
2.652674876769645529e+00
2.655933296001703248e+00
2.631882072307618614e+00
2.548988999944759470e+00
2.657529104808966203e+00
2.552637241188954853e+00
2.527143223530840643e+00
2.530652760397083867e+00
2.635168407322600714e+00
2.663204937960550023e+00
2.640710456840603904e+00
2.543112319291925161e+00
2.173747148800563522e+00
2.546356497483744263e+00
2.512559270527156663e+00
2.515709817696770489e+00
2.146394669230952346e+00
2.173944474427068396e+00
2.144477577618912889e+00
2.542618082234158638e+00
2.630654866181837637e+00
2.567786209905981387e+00
2.240635257016153847e+00
2.256083882533471918e+00
2.325572139681127304e+00
2.661915968114659137e+00
2.348479670036434097e+00
2.040816638909518144e+00
2.174082328208729820e+00
2.046349149007363977e+00
2.278971077104643861e+00
2.280160705734988191e+00
2.419668894460232256e+00
2.171582972872322603e+00
2.411981226385239374e+00
2.303209854805666534e+00
2.686532022872617276e+00
2.303447939204166683e+00
2.415810552462649419e+00
2.416520390451309730e+00
2.806222481535070035e+00
2.689968782380341317e+00
2.809895356468992578e+00
2.294088161848677032e+00
2.243063086306030574e+00
2.294867966114009228e+00
2.455718620584119272e+00
2.456841371473708513e+00
2.404158873457050483e+00
2.243475474177055951e+00
2.404941784184468467e+00
2.763490819596077230e+00
2.719199571800592352e+00
2.766178606139868101e+00
2.399042290207671790e+00
2.400984260174029217e+00
2.355419189064754448e+00
2.721669203539863080e+00
2.357082353122548213e+00
2.325770188058319476e+00
2.260127728398199753e+00
2.313464401736613940e+00
2.462160701053504486e+00
2.441238644791903223e+00
2.394231264997757513e+00
2.255827570956564276e+00
2.384423578461328574e+00
2.309808036575946577e+00
2.121640091037678033e+00
2.303886194439020763e+00
2.662112876013346341e+00
2.652069427996050166e+00
2.468322647516588475e+00
2.123244329597716806e+00
2.464985168037382657e+00
2.770872317530487905e+00
2.629376299378850312e+00
2.763307092236095386e+00
2.663863410490771244e+00
2.656853676273841280e+00
2.525168767223420652e+00
2.624245013537017890e+00
2.520673219941585330e+00
2.530840761145497275e+00
2.381044493920682292e+00
2.563112135209707265e+00
2.412669545970290930e+00
2.440957390136051508e+00
2.263861157078948860e+00
2.394192672315880621e+00
2.273362742871698927e+00
2.533242967519058642e+00
2.823260828799282862e+00
2.530182604400864399e+00
2.444571948713085696e+00
2.442295654849247377e+00
2.729502054380910092e+00
2.813454121674907160e+00
2.720144518643924592e+00
2.322375046088429151e+00
2.495104882509560973e+00
2.324605090283283548e+00
2.395106063726796464e+00
2.399041050746562043e+00
2.567563248617397598e+00
2.507842665741637944e+00
2.581399445145511784e+00
2.782245230125854896e+00
2.477758968685424001e+00
2.758191026697303094e+00
2.345144649442372220e+00
2.329881876620423675e+00
2.054906917585105575e+00
2.474419090197303994e+00
2.061707108845125536e+00
2.469342257309511623e+00
2.432270724638670778e+00
2.465031046399397852e+00
2.555676453463535669e+00
2.551062594455198784e+00
2.517935461849565293e+00
2.428129405123270690e+00
2.513469228969068325e+00
2.566611666902578470e+00
2.512007190836715420e+00
2.564722174830089241e+00
2.628090198209888317e+00
2.626057885809754300e+00
2.574745515693136255e+00
2.510611017508873832e+00
2.573183767485266227e+00
2.538070867308059420e+00
2.593362413800765154e+00
2.562334849927551339e+00
2.496581187797890067e+00
2.519355757414037278e+00
2.553062765537508660e+00
2.625063709551242574e+00
2.581754689938117409e+00
2.520860809408545400e+00
2.564560488459402432e+00
2.505599600132140559e+00
2.461361302859793376e+00
2.446876931114013498e+00
2.504607290239947659e+00
2.548385656813358047e+00
2.489164796007198532e+00
2.547782509415347896e+00
2.385868625817962219e+00
2.555665864964889789e+00
2.498555631884945338e+00
2.506021374621083098e+00
2.337833647298403594e+00
2.389283335296976674e+00
2.338804041851743065e+00
2.036491877244277937e+00
2.329549518244227180e+00
2.033893372144734535e+00
2.481848776730070760e+00
2.481604748031128072e+00
2.790614650386106455e+00
2.332857866659509671e+00
2.797856674049535197e+00
2.475668454711039246e+00
2.577622828144795264e+00
2.468236995572409498e+00
2.130811811306015713e+00
2.130224831304778021e+00
2.229214574178445929e+00
2.565306771316369083e+00
2.223094427508258253e+00
2.500425569326576003e+00
2.573909096766131555e+00
2.493364039882973060e+00
2.633726767220542442e+00
2.623823571611320737e+00
2.707442372581959411e+00
2.565048946655353657e+00
2.697542559212456226e+00
2.676727187951863041e+00
2.338926763223602379e+00
2.715969124724661565e+00
2.793533193288730399e+00
2.835311805517812367e+00
2.446955663885292509e+00
2.340377982621866693e+00
2.454975994479088097e+00
2.243524789333708469e+00
2.326998139824666190e+00
2.239466814309234444e+00
2.399599893590435240e+00
2.393249861356800956e+00
2.484127126966010124e+00
2.319618192136600143e+00
2.474736731338045281e+00
2.363051447718014231e+00
2.436032531642524646e+00
2.371597935301967386e+00
2.223004229208724425e+00
2.229384833140481526e+00
2.294663357088920996e+00
2.446989374838397069e+00
2.303756535691768192e+00
2.811806957088102799e+00
2.470730567848922199e+00
2.820965705634439047e+00
2.705320454795854701e+00
2.714030572567523336e+00
2.368959489536170970e+00
2.471900072937437187e+00
2.369157250381790369e+00
2.306976491487861658e+00
2.371114243512921327e+00
2.313832256670249166e+00
2.721225092296415404e+00
2.731857731588670291e+00
2.790112864514311841e+00
2.379525183293645263e+00
2.803352567923385052e+00
2.388610656189028347e+00
2.488677987556378923e+00
2.380266381137002618e+00
2.270349119648994218e+00
2.264902233778677498e+00
2.367996293472889313e+00
2.468265974647432692e+00
2.353540571735565301e+00
2.110196370433560453e+00
2.143935559613605157e+00
2.112164128855706480e+00
2.329421980317179397e+00
2.334293509350633400e+00
2.363873677697458486e+00
2.146980051678490042e+00
2.374039772191461672e+00
2.613018592988628264e+00
2.637644442711586823e+00
2.588062448074514244e+00
2.781662248229342715e+00
2.753037768313514988e+00
2.810145066604210928e+00
2.611543953974496901e+00
2.779052191595722032e+00
2.562328131305791956e+00
2.407488120448560753e+00
2.561935488924702575e+00
2.756924638353216661e+00
2.756475942110690802e+00
2.597809865513753813e+00
2.407223172993868232e+00
2.597473486936113574e+00
2.623509775870808802e+00
2.848120649604849230e+00
2.623369325153210418e+00
2.327595080620024515e+00
2.327527858955937834e+00
2.545578742056838095e+00
2.847837727793818274e+00
2.545344439113668145e+00
2.503189052702006201e+00
2.734525590507832948e+00
2.509995052529263138e+00
2.334477544331849952e+00
2.337982311755869347e+00
2.563064533467003692e+00
2.753368407174549226e+00
2.579557514803249685e+00
2.468775029809404664e+00
2.288410686581007436e+00
2.454017074213671545e+00
2.792271097503083777e+00
2.772857115530290351e+00
2.608377713489794747e+00
2.284157329120455771e+00
2.598135420791068295e+00
2.704165192449119459e+00
2.732214653635312462e+00
2.703703961431006775e+00
2.559258019355190594e+00
2.558855906875854735e+00
2.586500770672353067e+00
2.731730054864988766e+00
2.586072413816844051e+00
2.247793638438385422e+00
2.291173841565572467e+00
2.247869993602344074e+00
2.053303674794155320e+00
2.053423968976753944e+00
2.095515078141622300e+00
2.291206829739127038e+00
2.095596607145433943e+00
2.099756056381319791e+00
2.295578546002540854e+00
2.100608646086166154e+00
2.111255631142051392e+00
2.112184779948642621e+00
2.309531741819762729e+00
2.294138941289983080e+00
2.308041994014409681e+00
2.615086402378276276e+00
2.762549524505364396e+00
2.613739900214448131e+00
2.625457314713716350e+00
2.624094338307927821e+00
2.773192029872105557e+00
2.760335779717385307e+00
2.770959323252446538e+00
2.565919203934295290e+00
2.307243513185693651e+00
2.585425741317076476e+00
2.797271476238846866e+00
2.820153663755544216e+00
2.530122969230092167e+00
2.310652371657770487e+00
2.538765565857383333e+00
2.594826965003599106e+00
2.767425046120111976e+00
2.577837120408206673e+00
2.387515294774092744e+00
2.376111058986026592e+00
2.556261909761711859e+00
2.738580191962530996e+00
2.532220932639362765e+00
2.476639060285442007e+00
2.530480269558564643e+00
2.472754600671896785e+00
2.219858898879927711e+00
2.217366220362649187e+00
2.271632541543813666e+00
2.526019753548693902e+00
2.268455747375253129e+00
2.404492321406848099e+00
2.025657906299456634e+00
2.402025755430813092e+00
2.698809219512281032e+00
2.695689078479253986e+00
2.306997848277421603e+00
2.026799049012871556e+00
2.307335061307774104e+00
2.697540625941997838e+00
2.746744814864114481e+00
2.715189153828410085e+00
2.707203706024081669e+00
2.724973037222504946e+00
2.756496248662951842e+00
2.766247256099406027e+00
2.776086669459225220e+00
2.239956905934763043e+00
2.312277669500398591e+00
2.239846845096342243e+00
2.252751515636894020e+00
2.252288112187019742e+00
2.325145343642999407e+00
2.306004463844401720e+00
2.318523976127046637e+00
2.523844311454492839e+00
2.461953804331172613e+00
2.538887064497609813e+00
2.316013358032876113e+00
2.320999948982976679e+00
2.253672801401188419e+00
2.469230144394897852e+00
2.252301321797535394e+00
2.530204793574727606e+00
2.485531416044591602e+00
2.523207320061271020e+00
2.770890729947873776e+00
2.762276324533865957e+00
2.724417603766366991e+00
2.479458672867678182e+00
2.716651648999434343e+00
2.729093852627318739e+00
2.493151717799405809e+00
2.717476623225062227e+00
2.739959503960037068e+00
2.728305320130525402e+00
2.503541845854847736e+00
2.486320952028612918e+00
2.496607063628418111e+00
2.286352516440296689e+00
2.436850664114372123e+00
2.284374557078509227e+00
2.301314350592194913e+00
2.299229295727553524e+00
2.451941497720277141e+00
2.431686447825739172e+00
2.446676694905282279e+00
2.428021716542855923e+00
2.664227097905494279e+00
2.435602149677348560e+00
2.309952779416867052e+00
2.315510205920007003e+00
2.544835830770773910e+00
2.679650432075284527e+00
2.558938538881076141e+00
2.861285164878577092e+00
2.713741415962592107e+00
2.824041277559758534e+00
2.769714885433441687e+00
2.732426978872822154e+00
2.624325050851870511e+00
2.683278961374942817e+00
2.594899581543040235e+00
2.388731399526808907e+00
2.435335236260857350e+00
2.403197374645287709e+00
2.529147282123696883e+00
2.546041135189436311e+00
2.577108175578193272e+00
2.451530823424209693e+00
2.595564066620141830e+00
2.413610882196412177e+00
2.488058873129286752e+00
2.413957699304331239e+00
2.033185421474237309e+00
2.029099658394295069e+00
2.104777902935618616e+00
2.491421453802891151e+00
2.103585853676342321e+00
2.203591291241153272e+00
2.499526662176604574e+00
2.204333239280242829e+00
2.410367753914953948e+00
2.413167283789205086e+00
2.713604431240075776e+00
2.506683589828262448e+00
2.722096042126890048e+00
2.682714268923011680e+00
2.543195997726000357e+00
2.686717396130933189e+00
2.429266650061246757e+00
2.432232879371426293e+00
2.290619069052237222e+00
2.545151632849502299e+00
2.291301247595860957e+00
2.384020629702364502e+00
2.272427971983075778e+00
2.401315999461164807e+00
2.356160890938158836e+00
2.374653861194424564e+00
2.246827991549752213e+00
2.283183321050260339e+00
2.256862976914508323e+00
2.467667527059576926e+00
2.288171546412057111e+00
2.461269066898259528e+00
2.449480487902212733e+00
2.443345590726007543e+00
2.270156009214883142e+00
2.291441173644197526e+00
2.273726337606945869e+00
2.673253949755973746e+00
2.520991575952799657e+00
2.667489527235641589e+00
2.658225328014450106e+00
2.652547245380592056e+00
2.506365627837791266e+00
2.518328386853125878e+00
2.503801483277678486e+00
2.663295265413112567e+00
2.553295452248024233e+00
2.659084473716252006e+00
2.644556871966510236e+00
2.640434967901886587e+00
2.533273826956966346e+00
2.550305789697386416e+00
2.530355094225508417e+00
2.660573957344312568e+00
2.539637093180030725e+00
2.679331046622308143e+00
2.389613916934810511e+00
2.403995993158615008e+00
2.270637626758394312e+00
2.552770114421966330e+00
2.278350081640998503e+00
2.205008687525966238e+00
2.499852834166294890e+00
2.201040526130856101e+00
2.438770341183065682e+00
2.425777681915183059e+00
2.738361907652523186e+00
2.470112362716719190e+00
2.702702874849291170e+00
2.390734761729409463e+00
2.646380309989744717e+00
2.392875104277877085e+00
2.373690153877581199e+00
2.373583847417618298e+00
2.628552068333553482e+00
2.661033060497645764e+00
2.642972893697161929e+00
2.371214766895796799e+00
2.170646429161972257e+00
2.355650580783003267e+00
2.346146557776535690e+00
2.329405433668365610e+00
2.148344945876779821e+00
2.171171023224449215e+00
2.147339126320214397e+00
2.801965143537295866e+00
2.825460704750535790e+00
2.824752033570468335e+00
2.555058938428175441e+00
2.574492034848293809e+00
2.577644446703980297e+00
2.848513620901295340e+00
2.597576772954574231e+00
2.404240275280053574e+00
2.436015723689330059e+00
2.406488922761407245e+00
2.612156282976014765e+00
2.618670032916810442e+00
2.643246826537712924e+00
2.441587534826394013e+00
2.651039413641957943e+00
2.118734466678277251e+00
2.151159548997405135e+00
2.121039748377299805e+00
2.489960005624466177e+00
2.501089460021286737e+00
2.523758394583786036e+00
2.156478385136407105e+00
2.537945518218465146e+00
2.624531436260155282e+00
2.648292936860798363e+00
2.609279759026494006e+00
2.469778472646729561e+00
2.456554801667186538e+00
2.494588404347736876e+00
2.632276273093563823e+00
2.480528307420140077e+00
2.389176753757936922e+00
2.174488289314418843e+00
2.375352407581688752e+00
2.499394685046192333e+00
2.483445100977843989e+00
2.282954728064229943e+00
2.175489184092850081e+00
2.281213348940724472e+00
2.362140064891982139e+00
2.671884543262693423e+00
2.365520149440753173e+00
2.446551633324921760e+00
2.448629239855933726e+00
2.757656324637797862e+00
2.661883228349394059e+00
2.746713437590960982e+00
