1.986511194312917894e+00
2.073392660029758083e+00
1.982002422811398823e+00
2.139235534665494320e+00
2.139025856955524940e+00
2.225574752669113643e+00
2.074489571740480542e+00
2.232323192991096938e+00
2.406634299240208108e+00
2.467389528067454485e+00
2.394102586699942137e+00
2.149980372031470743e+00
2.141413878124801773e+00
2.210024323905189547e+00
2.452421942469811711e+00
2.198613008787401846e+00
2.135523665017728945e+00
2.038796914540990990e+00
2.138823103141046289e+00
2.319188384236864131e+00
2.323202369155318969e+00
2.218721431667610045e+00
2.041128032533456871e+00
2.221905963098399717e+00
2.211405482776407361e+00
2.440478753067993889e+00
2.212347792932629176e+00
2.345519701246543853e+00
2.346817305084764715e+00
2.579808772092587965e+00
2.443073582360330676e+00
2.582651009346910609e+00
2.381419062363343109e+00
2.522165516104528216e+00
2.393299868132216179e+00
2.254217870734973594e+00
2.264121302028699212e+00
2.392678954526963331e+00
2.538432655662562709e+00
2.407472308016823437e+00
2.378913965269335407e+00
2.185463395793582286e+00
2.347614615992208442e+00
2.197092432117049743e+00
2.170653480053171158e+00
2.006059753367517295e+00
2.168394760487657003e+00
1.997999817179161308e+00
2.394141184602674777e+00
2.370881404213345256e+00
2.386352749951167418e+00
2.243691467420151131e+00
2.237070957034152929e+00
2.220943548824269698e+00
2.363533045616100559e+00
2.214813812685458849e+00
1.987260013387320168e+00
1.951123992634934412e+00
1.988208677709477623e+00
2.249453222124116358e+00
2.248841674736483220e+00
2.212630104643684703e+00
1.952754024356041729e+00
2.212698832620729306e+00
2.237751091492378386e+00
2.259930505886825536e+00
2.250888730533160853e+00
2.319399781086880274e+00
2.334766292066818849e+00
2.341883827191803213e+00
2.274858258811161882e+00
2.359001321634595083e+00
2.231857404541803369e+00
2.248273848785437679e+00
2.242454106620855647e+00
2.346672971392936624e+00
2.358784836578046828e+00
2.363395843661647788e+00
2.259540245327708696e+00
2.376170304435354375e+00
2.584218772302668832e+00
2.233137812992687099e+00
2.605061628949437491e+00
2.296558918522281445e+00
2.313511590714694144e+00
1.957799141171035373e+00
2.235959099255941052e+00
1.954084376528986589e+00
2.264744412433102205e+00
2.284904792301922338e+00
2.249457875170837617e+00
2.362816457707585194e+00
2.345297217936320955e+00
2.383250768586558266e+00
2.268279414291136220e+00
2.364409955289454857e+00
2.035972047554845066e+00
2.142894187030743858e+00
2.031210836525327856e+00
2.346872566715066721e+00
2.334603865828705160e+00
2.455773716265365003e+00
2.131317751986903541e+00
2.439470606914154960e+00
2.443042149076677383e+00
2.175767366226635691e+00
2.431961269093744438e+00
2.341843847784170762e+00
2.333101736655130765e+00
2.075823368484220666e+00
2.174742344850673526e+00
2.076077357703937309e+00
2.235913594555792194e+00
2.325471260132813356e+00
2.257474141917033883e+00
2.121114644315005293e+00
2.139251559896078625e+00
2.208465654983705839e+00
2.352828668278406088e+00
2.232965951407758443e+00
2.234498781856027350e+00
2.372868913632558474e+00
2.231479109434103769e+00
2.150540113042109791e+00
2.148697854060965362e+00
2.287484013306853914e+00
2.363936342309504557e+00
2.279632171342639957e+00
1.988485417403392796e+00
2.172857349325290066e+00
1.988810113762868648e+00
2.050252551551612790e+00
2.050817248184584329e+00
2.234497008228932824e+00
2.188580137656348512e+00
2.251611300775392621e+00
2.402558154063842544e+00
2.193688291040147398e+00
2.382835073889025601e+00
2.447708117853384380e+00
2.427165434919276166e+00
2.239061353465403137e+00
2.187819627584908666e+00
2.232080736334064230e+00
2.373134154391401296e+00
2.370913332719855937e+00
2.373463019514084671e+00
2.425324836213829549e+00
2.425666179016819690e+00
2.423078988250968457e+00
2.371241199120001752e+00
2.423419346922975670e+00
2.398770220510045625e+00
2.395481689188269314e+00
2.398876748872912579e+00
2.040093894065728719e+00
2.040118536936791571e+00
2.036908643158474419e+00
2.395585678251778816e+00
2.036930579680864106e+00
2.300431451048432940e+00
2.297696948538893835e+00
2.314503582398510950e+00
2.254198062980144357e+00
2.267368864318013877e+00
2.251478911354246826e+00
2.311594380619780953e+00
2.264477366849543039e+00
2.238078342169430801e+00
2.236016107354093840e+00
2.221596675522690134e+00
2.609388208863893333e+00
2.587644962208557331e+00
2.607183530914742864e+00
2.219582904220968267e+00
2.585476482008904231e+00
2.455449904741030309e+00
2.279797196581983876e+00
2.455986957181950814e+00
2.414934603355227249e+00
2.415453683092225745e+00
2.240793157565611260e+00
2.280153415923397375e+00
2.241126278958324392e+00
2.106786420858344222e+00
2.284100114417313421e+00
2.106861822071778079e+00
2.050530735176199215e+00
2.050580072824640609e+00
2.228395791945395388e+00
2.284349539070354762e+00
2.228630063241483938e+00
2.247771949614576492e+00
2.510731898956658270e+00
2.242778993224661566e+00
1.924478692733030405e+00
1.924174350865108796e+00
2.178949202925967388e+00
2.498625472680159998e+00
2.169804962250897695e+00
2.248009953335011524e+00
2.155923036977590357e+00
2.243251694943586116e+00
2.361872839531331980e+00
2.356381252557112838e+00
2.268491663183390017e+00
2.153446898264048670e+00
2.265223674248271202e+00
2.407375026841909182e+00
2.332344506569619114e+00
2.435562212155919504e+00
2.503137259334260456e+00
2.533306005090599555e+00
2.426457352277057389e+00
2.356251678092180946e+00
2.452588244223863789e+00
2.023769074985336314e+00
1.915410279167100605e+00
2.021113703734889189e+00
2.160003544197619085e+00
2.155838963982990464e+00
2.048909802368420685e+00
1.916489713556568386e+00
2.048501693557084558e+00
2.150022893563589665e+00
2.039469050940403871e+00
2.157211931089782375e+00
2.039991950784205699e+00
2.043535525190036672e+00
1.928864905019703091e+00
2.039214561347118426e+00
1.928025631983201205e+00
2.524483720969786127e+00
2.439585799820479295e+00
2.533015596231711353e+00
2.438442324631851399e+00
2.446395173131832301e+00
2.356456594998618037e+00
2.446241420074828810e+00
2.362523511583793034e+00
2.130904312220319952e+00
2.036332775077624557e+00
2.137214630578426089e+00
2.435743736686662331e+00
2.445180360825534471e+00
2.340035760593759839e+00
2.038914236136547320e+00
2.346404458443579699e+00
2.142396933489449928e+00
2.440791428724965684e+00
2.138579805114157573e+00
2.044648644563413775e+00
2.046526637678813820e+00
2.343326879701977283e+00
2.409999405695631758e+00
2.314945659755227592e+00
2.260566084977597257e+00
2.514229765550505036e+00
2.271025856659511177e+00
1.993023291165031186e+00
1.990629620656172882e+00
2.235471623031617838e+00
2.548185443560214036e+00
2.261788317623925959e+00
2.305627173871715563e+00
2.182647373003652191e+00
2.294808225433067950e+00
2.402716814621724595e+00
2.390634247272538815e+00
2.278117440319439524e+00
2.176969504747686468e+00
2.271004039295564603e+00
2.467635880991285724e+00
2.518636264537861269e+00
2.449080268679314720e+00
2.377360271021550453e+00
2.360109886233530574e+00
2.425761651887768711e+00
2.499623202274896094e+00
2.408009207031086341e+00
2.104373854075003436e+00
2.176040414905324738e+00
2.103158488332268927e+00
1.976328374060632553e+00
1.975174235479096208e+00
2.045736800063671978e+00
2.170374971639468242e+00
2.041748922017935897e+00
2.205850758807222256e+00
2.179622128534399295e+00
2.210228614363638933e+00
2.209226748972076493e+00
2.213633367803921281e+00
2.182978456237329112e+00
2.183305936722296003e+00
2.186692124524908021e+00
2.571841722569209843e+00
2.551155217810809894e+00
2.536003187015249516e+00
2.574496977861648439e+00
2.538617582611820467e+00
2.553783744141282952e+00
2.516049886942269609e+00
2.518640549590560607e+00
2.160177649101044928e+00
1.953749854675058906e+00
2.167577289020232723e+00
2.382246799911456048e+00
2.391683008038308245e+00
2.170507216804435480e+00
1.954186324449863621e+00
2.173871599155429379e+00
2.207316152485018890e+00
2.376628138315736827e+00
2.208407518342903053e+00
1.990632979255958279e+00
1.990124728892340933e+00
2.157878619550348098e+00
2.381381612010733839e+00
2.161375034480625956e+00
1.978198910291872448e+00
2.162710554965864951e+00
1.978992327966316411e+00
1.982408050534973487e+00
1.983221437340861648e+00
2.166997934847610718e+00
2.165508749673963784e+00
2.169805603105536385e+00
2.396962777451739690e+00
2.236371578272737359e+00
2.398889089185096246e+00
2.400058289023055735e+00
2.401990774897983627e+00
2.239396940971782435e+00
2.237135905540316383e+00
2.240166870908170793e+00
2.327242666036593910e+00
2.200686080657568322e+00
2.355102411449309763e+00
2.525606111701085510e+00
2.557754468824585459e+00
2.392972396966563053e+00
2.222540457232146327e+00
2.420293130647853008e+00
2.397516939413853798e+00
2.206085389484916170e+00
2.376515546406460899e+00
2.205501863428196430e+00
2.190146079681654978e+00
2.016611146449930558e+00
2.199285327514923338e+00
2.016920626660826166e+00
2.293813584501035230e+00
2.215977241170341561e+00
2.296939580205819009e+00
2.091979072545349538e+00
2.094191622842784817e+00
2.016637994634574493e+00
2.218126363484873131e+00
2.015993871016537931e+00
2.262021903827263536e+00
2.204505723317860877e+00
2.264098255155650996e+00
2.479652750674202544e+00
2.482160129558888872e+00
2.421435856214178006e+00
2.206222948905177894e+00
2.423638564042475796e+00
2.475486177388573239e+00
2.406775195847075111e+00
2.494078524290281429e+00
2.477992755546813086e+00
2.496633829884997269e+00
2.409256078540148227e+00
2.422866924538587430e+00
2.425381246588823814e+00
2.102091997821434965e+00
2.401739599495163802e+00
2.102978233443757894e+00
2.105358890217475576e+00
2.106172560433446250e+00
2.405092729553594655e+00
2.387072250437377363e+00
2.390421761467075967e+00
2.124844530882585403e+00
2.121018397823556612e+00
2.125641176923910969e+00
2.195982214878970051e+00
2.197228524065537592e+00
2.192119756890681614e+00
2.121734576417830809e+00
2.193285844671517104e+00
2.095841551043277740e+00
2.093193512980379367e+00
2.075524699369705850e+00
2.201706999652692343e+00
2.175491087696588721e+00
2.199039901043289280e+00
2.073172976021484537e+00
2.173087153998415566e+00
2.478905171828416520e+00
2.312775095014650617e+00
2.486565851747461586e+00
2.365455455601196633e+00
2.372439949581511165e+00
2.201602105593233993e+00
2.318075823194366336e+00
2.206022257473324810e+00
2.132210057864026176e+00
2.298002843775034609e+00
2.133591391830048423e+00
2.395053906038778102e+00
2.397597873624649267e+00
2.566214696898859060e+00
2.301741656591584473e+00
2.570870196694940102e+00
2.101393846871981275e+00
2.243426817628220160e+00
2.121962515301629715e+00
2.291185160882873273e+00
2.319536776096614794e+00
2.438118534510230973e+00
2.277270229850781202e+00
2.477707856098837702e+00
2.487901378627063842e+00
2.329122643412744331e+00
2.482726471339274710e+00
2.239020465345778810e+00
2.234773497901510808e+00
2.085255400416699878e+00
2.325526678281988779e+00
2.082901445465936252e+00
2.306091246978889231e+00
2.303744613873384584e+00
2.300391934385901394e+00
2.282251736063801051e+00
2.276692872282199076e+00
2.279917404854158836e+00
2.298068786313514522e+00
2.274382791132491199e+00
2.319929534671873572e+00
2.316284975741131902e+00
2.318525023056162482e+00
2.302066490272171251e+00
2.300730570283621823e+00
2.298428888696554928e+00
2.314931261574482591e+00
2.297143780543140057e+00
2.126927077189916915e+00
2.223959035165613329e+00
2.124240941072743638e+00
2.283201594898768505e+00
2.279256972228640432e+00
2.382604301347917009e+00
2.219191810244793839e+00
2.375225416925086819e+00
2.508889954215913320e+00
2.584526839891338135e+00
2.504998284331324765e+00
2.305058028312425122e+00
2.301874183119581474e+00
2.378219912207030440e+00
2.580039705294034480e+00
2.374349965407263952e+00
2.281042460307287634e+00
2.015435704155406960e+00
2.292807055857698728e+00
2.253341824853663411e+00
2.264836153442149946e+00
1.988609931090417948e+00
2.014968709359399757e+00
1.987690269764788464e+00
2.339374059075710388e+00
2.428739575341186452e+00
2.325682209248334242e+00
2.319414696582769331e+00
2.306153978328123522e+00
2.408569579923581117e+00
2.407873270803284171e+00
2.389603368230107439e+00
2.318632125196073979e+00
2.408900063540361014e+00
2.322210435639084025e+00
2.300468332761965051e+00
2.303934823096845275e+00
2.391965042057313529e+00
2.414057033794479334e+00
2.397060395267870625e+00
2.316074150745753180e+00
2.008050030639108474e+00
2.319040885643768757e+00
2.290645191427336691e+00
2.293528014987257890e+00
1.983320645962275419e+00
2.006824649065623856e+00
1.981996611328570745e+00
2.312771840103152954e+00
2.387829797350508709e+00
2.335973248831422211e+00
2.062876274067019899e+00
2.076653500396323793e+00
2.134109419883239767e+00
2.415763833288806950e+00
2.155465972401267027e+00
1.893537133590580623e+00
2.007559970007112060e+00
1.897003178923351463e+00
2.096448041699739306e+00
2.095273252180685830e+00
2.211934626186718322e+00
2.003830738950945101e+00
2.204005294640211776e+00
2.114158116135866017e+00
2.433300132585521247e+00
2.114724033042052476e+00
2.206513543922851817e+00
2.207416294348467645e+00
2.531148354852300386e+00
2.436325128346723989e+00
2.534387817050133052e+00
2.109965063859669421e+00
2.065559655606454825e+00
2.110805431580177860e+00
2.242613426389922893e+00
2.243698428842045622e+00
2.199477848246234046e+00
2.066077508737582225e+00
2.200288440734657236e+00
2.497444727173574464e+00
2.460557525191296335e+00
2.499806153136579390e+00
2.194999340768951424e+00
2.196778802528195129e+00
2.160069728775755316e+00
2.462765463283206557e+00
2.161646104619849851e+00
2.136797588780356527e+00
2.080398516376305462e+00
2.120580544443205540e+00
2.248410605408234453e+00
2.227161973805246387e+00
2.193357327281836078e+00
2.073766492844522524e+00
2.179489613112015611e+00
2.121162618395151078e+00
1.962303995537266754e+00
2.115179673586811582e+00
2.412345175143029596e+00
2.403148378893940951e+00
2.250951023821795793e+00
1.962473556028436539e+00
2.247057192669353221e+00
2.504587990479018700e+00
2.387405040433871584e+00
2.497946333001304531e+00
2.417800398405547835e+00
2.411570828841796299e+00
2.300791200359378230e+00
2.382611957740202957e+00
2.296518464241890101e+00
2.303192815425507689e+00
2.177412246764588666e+00
2.332593960081299045e+00
2.204752003628047685e+00
2.230880033656597483e+00
2.081293384419899972e+00
2.193183581972514062e+00
2.091286300706543422e+00
2.306257834301497667e+00
2.546203558891463103e+00
2.302888269684992828e+00
2.232460160231835467e+00
2.229744944071893720e+00
2.469656562737351457e+00
2.537460234537543435e+00
2.461398940883243291e+00
2.131536515605580995e+00
2.274566034565407069e+00
2.135321354858565890e+00
2.190544182194327227e+00
2.195371280855024754e+00
2.334842472503445343e+00
2.286405350119685931e+00
2.347597676582396709e+00
2.513864747700664815e+00
2.261107116058275857e+00
2.492523315165672493e+00
2.153043605010780404e+00
2.138483660365934291e+00
1.906106752298235785e+00
2.256096572163990288e+00
1.910365981500944166e+00
2.253046402922242564e+00
2.221863422312442715e+00
2.249194372877873160e+00
2.324968230936286240e+00
2.320884174362154440e+00
2.293203983055668971e+00
2.218137391862113894e+00
2.289200745549595517e+00
2.334640381133881615e+00
2.289074072417871974e+00
2.332846692758538065e+00
2.387121331455573703e+00
2.385199515951611282e+00
2.341230836691404527e+00
2.287675481306769676e+00
2.339696737209558730e+00
2.307954303073625368e+00
2.355649063349657624e+00
2.331093518532478370e+00
2.273459402479167224e+00
2.295347578832067192e+00
2.320830710340466396e+00
2.383377475394128364e+00
2.347400494341617350e+00
2.296835832954938095e+00
2.333463840971607084e+00
2.283166361778313114e+00
2.247269852858668759e+00
2.234204250280899196e+00
2.283543480280712856e+00
2.319112103779517042e+00
2.269824602976351358e+00
2.317910034896820903e+00
2.182281211164911916e+00
2.325123035408391381e+00
2.276939047033461172e+00
2.283815701552250221e+00
2.142190257913382911e+00
2.185933962686003706e+00
2.145447318583036722e+00
1.890252908786933528e+00
2.139808116388190129e+00
1.888355528321790100e+00
2.264109024222736188e+00
2.264460642829302373e+00
2.520545995602693878e+00
2.143056247042049556e+00
2.525558558435275103e+00
2.257054220624763463e+00
2.342246055335514221e+00
2.249384632605968548e+00
1.969895137287882569e+00
1.967851687597560462e+00
2.054017512588494299e+00
2.330669025867365463e+00
2.047302732445503537e+00
2.280211285332951476e+00
2.341626643977487987e+00
2.273637498786110100e+00
2.391049762583239424e+00
2.383556776297163893e+00
2.451942460251620215e+00
2.333635261234900060e+00
2.443163955543429466e+00
2.424485412940271090e+00
2.141539950516689217e+00
2.459056997459973637e+00
2.519813515443933838e+00
2.556947449340202461e+00
2.231562231765706450e+00
2.148139983447276080e+00
2.241791975703490980e+00
2.065362719991194584e+00
2.136685849123553194e+00
2.062579278309826236e+00
2.195127031715922605e+00
2.188830586816415291e+00
2.265878634529554958e+00
2.129459802607966523e+00
2.257171680522492618e+00
2.163370336758923429e+00
2.224754882264169176e+00
2.171472400480296550e+00
2.048551075268918442e+00
2.053250631035755447e+00
2.108554262774547716e+00
2.234738460014177086e+00
2.117158769272347474e+00
2.537175337889677085e+00
2.254637072509972917e+00
2.545280625145821318e+00
2.450208509741318430e+00
2.457844393902085756e+00
2.171421037445318447e+00
2.256361973501523011e+00
2.172503946058472302e+00
2.119975763799198276e+00
2.173620801910831624e+00
2.126515545691932463e+00
2.462302436121538207e+00
2.471724394705026029e+00
2.519686264581235235e+00
2.181308428601773208e+00
2.529928474465115595e+00
2.188666149255101168e+00
2.270547384707839456e+00
2.177141430222286012e+00
2.088864203568639333e+00
2.082621499376530849e+00
2.171766454640466026e+00
2.250944936866683399e+00
2.155276418111018444e+00
1.951711063298089632e+00
1.980035687121292520e+00
1.953884496402150672e+00
2.134274549608933480e+00
2.142401372278864180e+00
2.163179970565145993e+00
1.984937997592033154e+00
2.173842290032965696e+00
2.373448080684471773e+00
2.395429192245410732e+00
2.350948181705687645e+00
2.512712528144694701e+00
2.487350757070050378e+00
2.535210352822103275e+00
2.372008046980471629e+00
2.509071272735568847e+00
2.331129685837811660e+00
2.201246149557225973e+00
2.330781190043974327e+00
2.492059274958053905e+00
2.491666611438284384e+00
2.359674190109271930e+00
2.200995027696649675e+00
2.359364477281398198e+00
2.382492932241497829e+00
2.568034000412405149e+00
2.382356114714011319e+00
2.138122372720266284e+00
2.138040620618312460e+00
2.318436825629699438e+00
2.567784013485135297e+00
2.318227635880290460e+00
2.281126772972910999e+00
2.473732982721634777e+00
2.288321828331515650e+00
2.142188988562664598e+00
2.147002168159243052e+00
2.331954451666976347e+00
2.490342004542558385e+00
2.346718187617755191e+00
2.254442586170962493e+00
2.104155314535877785e+00
2.240988972471644303e+00
2.522445527901544970e+00
2.505284033305158253e+00
2.370182138376093484e+00
2.100575681247235593e+00
2.360157427123581897e+00
2.447104403836354081e+00
2.470540860451811760e+00
2.446691533710382060e+00
2.327246101709780746e+00
2.326879385741378758e+00
2.350073078266161630e+00
2.470109097095456896e+00
2.349685788929368968e+00
2.069350682459190072e+00
2.107250599720533302e+00
2.069385192423419007e+00
1.904430450717622625e+00
1.904515195611451439e+00
1.940151524290068874e+00
2.107244025617810657e+00
1.940201799724678544e+00
1.942928930818121902e+00
2.110068933024010551e+00
1.943397047287440671e+00
1.954378059023999636e+00
1.954799775734149536e+00
2.121647330253148667e+00
2.108550025360083513e+00
2.120087398395900991e+00
2.375880667180172878e+00
2.497987592719306704e+00
2.374603120828289171e+00
2.384476479363453638e+00
2.383182753862763903e+00
2.506780936049774144e+00
2.496041283235230779e+00
2.504819424106410342e+00
2.333309758722601934e+00
2.117933768323601029e+00
2.350807492282555700e+00
2.523365336441767859e+00
2.543811669023461786e+00
2.302070739487233730e+00
2.123036426655152464e+00
2.311148376730266296e+00
2.358105306831181025e+00
2.501207007793394332e+00
2.341635034533673831e+00
2.185504476859456702e+00
2.173695598496529158e+00
2.326567592692546427e+00
2.475549310724851182e+00
2.304688712508870196e+00
2.257520259296071252e+00
2.302681885521796090e+00
2.253914070374127832e+00
2.045267611369083305e+00
2.042740904208578456e+00
2.088599178883212559e+00
2.298622765772200705e+00
2.085545977018045782e+00
2.200144180666984361e+00
1.880678423996274606e+00
2.197917184597261375e+00
2.444542974881363406e+00
2.441793493813129601e+00
2.119625699546458630e+00
1.881465607409958274e+00
2.119547499801356594e+00
2.442283540507954598e+00
2.483333746142486476e+00
2.458092137786314524e+00
2.450300310683473981e+00
2.466193629202520388e+00
2.491374288458722663e+00
2.500500290885104171e+00
2.508669351864176278e+00
2.063261322893437111e+00
2.125277311464363716e+00
2.062378168466675099e+00
2.073920811982708834e+00
2.072695345316613036e+00
2.135929752381519720e+00
2.117486098113830373e+00
2.127887012162342550e+00
2.296635289846083339e+00
2.244853604909925693e+00
2.312258826458953642e+00
2.123425595687195688e+00
2.132855217350797972e+00
2.072953048040498736e+00
2.254215458888117141e+00
2.073884686985896231e+00
2.304805521474444063e+00
2.267418328208695044e+00
2.298440955424595700e+00
2.503979745086134301e+00
2.496353777128224039e+00
2.465371736783602330e+00
2.261786407408249211e+00
2.458397506867344262e+00
2.469251965723078701e+00
2.272554833502602012e+00
2.459127805401117861e+00
2.478260319947963364e+00
2.468043859552389030e+00
2.281207519541254669e+00
2.266012562842450340e+00
2.274585698110983767e+00
2.102304549943038392e+00
2.227744941891605990e+00
2.101877261978325251e+00
2.114770607650933165e+00
2.114185396118113847e+00
2.240338227783733593e+00
2.223025783557973867e+00
2.235559818100041340e+00
2.217769789121905255e+00
2.416798048479217975e+00
2.225267914074834597e+00
2.120936857454741364e+00
2.127002056385345341e+00
2.316428066895297455e+00
2.430365809692634826e+00
2.328969974833008827e+00
2.580076654639994693e+00
2.456679637242426217e+00
2.545531019415032681e+00
2.503466897967764559e+00
2.470718922600618761e+00
2.383022893555309274e+00
2.429003052922912964e+00
2.357375474836434393e+00
2.184425466689170481e+00
2.223637348887545162e+00
2.197785562311604046e+00
2.301416782266518357e+00
2.316773973413696730e+00
2.341663968200328405e+00
2.238357043046374173e+00
2.358232626930387266e+00
2.206414597293898439e+00
2.268604891729896877e+00
2.207784181044320615e+00
1.886923825469088545e+00
1.884112042888558047e+00
1.947486652370310045e+00
2.272426386104747564e+00
1.947224184932054847e+00
2.030630554675544985e+00
2.277361263785366852e+00
2.032136922151179803e+00
2.201222380102349163e+00
2.204273195532509888e+00
2.454795043769085083e+00
2.283800091836484469e+00
2.462296838538760468e+00
2.430529352856021674e+00
2.314631084400253780e+00
2.434169645625830825e+00
2.220208997457688849e+00
2.223019758881763508e+00
2.106159944727672872e+00
2.316665345826783184e+00
2.107244386706938144e+00
2.182131396292740000e+00
2.090345153372759057e+00
2.199785570710888649e+00
2.160524904537205249e+00
2.177725528350616280e+00
2.069105188666727990e+00
2.099751988713221884e+00
2.077817248017014951e+00
2.252660848275396255e+00
2.105024178138254598e+00
2.246039534096461843e+00
2.237504948288462359e+00
2.231102339139905411e+00
2.088236800806475557e+00
2.105820466631092014e+00
2.091158179254596128e+00
2.422078830286706008e+00
2.295471108299333984e+00
2.416796794661884906e+00
2.409621591348478198e+00
2.404425036218141631e+00
2.283318674487454736e+00
2.292631013291507980e+00
2.280563659457151005e+00
2.417638622812768645e+00
2.324558236925603261e+00
2.413917724995942926e+00
2.400784950867788758e+00
2.397110733841941510e+00
2.307893370366284280e+00
2.321768084534326704e+00
2.305159878069042101e+00
2.411207865669314110e+00
2.310335170873391242e+00
2.427904716361910076e+00
2.186080544229178635e+00
2.199280608732984366e+00
2.087896887922423339e+00
2.322749265082108217e+00
2.096134799563520446e+00
2.033615716860892597e+00
2.279843876356761001e+00
2.028787614364153669e+00
2.228066930585869354e+00
2.214334611482168036e+00
2.477422215271292583e+00
2.253208520388652936e+00
2.446076906274293528e+00
2.186696514367118205e+00
2.401720355038088339e+00
2.189919324373928777e+00
2.172488442124245189e+00
2.175479866310706889e+00
2.387046334107311374e+00
2.414927416689448325e+00
2.400088139795335973e+00
2.174496104440606814e+00
2.005610577841562936e+00
2.157763767371093877e+00
2.153745940231900136e+00
2.137520648122596789e+00
1.985070949476195779e+00
2.003415369486023945e+00
1.983520925719820305e+00
2.527238167338547115e+00
2.547138363513179904e+00
2.547458837931357412e+00
2.324146772977246034e+00
2.341496974592599756e+00
2.343167504153509384e+00
2.567526628497259988e+00
2.360811431427674023e+00
2.199283763871053843e+00
2.225864893923506393e+00
2.203776531183765375e+00
2.372327078223230412e+00
2.378759553106038371e+00
2.399515027671407008e+00
2.231484625715476788e+00
2.407030146966482320e+00
1.959767665120009994e+00
1.986966425156041716e+00
1.962033627253396251e+00
2.269021803581781516e+00
2.280586523180396341e+00
2.297271652361018823e+00
1.991950406700508491e+00
2.311309782790099909e+00
2.383503074787737930e+00
2.404665792251694967e+00
2.369783183451283470e+00
2.254742060169682372e+00
2.242698662924471620e+00
2.275521067026573974e+00
2.390381833030795100e+00
2.262781868276097619e+00
2.186467812861311533e+00
2.007295688505531750e+00
2.173426434660089335e+00
2.278357620650098170e+00
2.263542695336601351e+00
2.099272496413118638e+00
2.007773745915533592e+00
2.095434876965382109e+00
2.166900540931484986e+00
2.424327022601395765e+00
2.168139371639895785e+00
2.235381586317079616e+00
2.235838086272504910e+00
2.493585434709639337e+00
2.415037042084387409e+00
2.483658252459229665e+00
