1.867913606459969067e+00
1.941128704700448182e+00
1.865996206995823803e+00
1.997734986647428101e+00
1.998930560886523322e+00
2.072183597680342437e+00
1.945114839517204874e+00
2.079266723113692095e+00
2.227507283887323553e+00
2.281094699511892365e+00
2.216079108887726079e+00
2.008392115156823365e+00
2.000213388455194696e+00
2.060187149591817146e+00
2.267573248125725804e+00
2.049626896907155160e+00
1.994663827863395245e+00
1.910810245920433026e+00
1.997684262467434468e+00
2.152675432164459224e+00
2.156302017090157008e+00
2.065814786622321986e+00
1.913027246125830416e+00
2.068764224753142145e+00
2.060686832111304323e+00
2.257986010313573377e+00
2.061647417148207317e+00
2.175886475098983475e+00
2.177151362323808570e+00
2.377062216214273604e+00
2.260297932806564436e+00
2.379583515800316462e+00
2.204602127930300970e+00
2.326936745659766270e+00
2.215507273790277232e+00
2.096647696938523708e+00
2.105974247228579621e+00
2.214842727044377124e+00
2.341517560208053794e+00
2.228056932970822857e+00
2.205267741438736273e+00
2.038655945825656790e+00
2.177124898823331378e+00
2.049040065715666437e+00
2.024997335590319913e+00
1.886081065113721422e+00
2.022142610392243522e+00
1.875247152747101076e+00
2.216310462945389581e+00
2.196202956809442330e+00
2.209268920712475381e+00
2.088488143168680811e+00
2.082404125775735970e+00
2.068854785386402995e+00
2.189544862956232851e+00
2.063179883564917994e+00
1.870627654397829520e+00
1.837795314961448767e+00
1.870966569911575395e+00
2.094064165372818032e+00
2.093213399212773496e+00
2.062386381688808168e+00
1.838828870255846848e+00
2.062112025568382023e+00
2.081578840575016631e+00
2.100697312154784502e+00
2.094302723268020472e+00
2.150386336359508377e+00
2.166334136266537147e+00
2.169843803972690832e+00
2.114937403668012195e+00
2.185730742410729732e+00
2.078462482861879401e+00
2.092650955264792945e+00
2.088256748115374428e+00
2.177136036174554867e+00
2.188211141782495872e+00
2.191561777079506612e+00
2.103001462572626767e+00
2.203148547119799794e+00
2.380310413539408643e+00
2.078276352075687505e+00
2.398769993982862836e+00
2.133943929261070238e+00
2.149175650786498082e+00
1.843040455670936772e+00
2.081954272668795625e+00
1.839826479732153519e+00
2.107013929661486706e+00
2.124385909248390991e+00
2.092642065029684417e+00
2.191223838296048498e+00
2.173549313479752776e+00
2.208787094770122472e+00
2.108904129053762677e+00
2.190121452129911273e+00
1.910776035152744745e+00
2.001601739172889527e+00
1.904154602382806427e+00
2.176657369603394621e+00
2.163878799490363214e+00
2.270354288083509253e+00
1.990872716112724206e+00
2.255584187039579191e+00
2.259066381049716465e+00
2.030578202538491972e+00
2.250528573158089518e+00
2.173636303694195249e+00
2.165719527292925051e+00
1.946229271019026763e+00
2.029079651143102403e+00
1.945624412310172691e+00
2.080981820946818051e+00
2.158369053623943934e+00
2.100953283480322398e+00
1.982169111151057539e+00
1.999168392031684949e+00
2.057814085724094078e+00
2.183055704566997157e+00
2.080060039404601824e+00
2.080578122073991398e+00
2.199559614783129113e+00
2.077165233640881237e+00
2.008349445535229982e+00
2.005961541712070861e+00
2.126282212892728563e+00
2.189832099380074393e+00
2.118847224747909763e+00
1.868991300430730806e+00
2.026824361965597454e+00
1.871200508123107120e+00
1.920624191518679247e+00
1.924270080458331034e+00
2.079895918514563569e+00
2.041444155866460441e+00
2.095680718307308066e+00
2.223862476933397225e+00
2.045563600912988278e+00
2.206041958836264527e+00
2.263954162264804282e+00
2.245360228960580962e+00
2.084575863650506733e+00
2.039124957962489937e+00
2.077175072578349102e+00
2.199852943082214018e+00
2.197939270354756225e+00
2.200148754433855824e+00
2.244657855379585065e+00
2.244964670014550023e+00
2.242721285423313393e+00
2.198234300875069103e+00
2.243027359390845632e+00
2.222250209296686929e+00
2.219426652078571038e+00
2.222353595862764042e+00
1.915776951743963785e+00
1.915815149501544301e+00
1.913050852383750389e+00
2.219527891549490484e+00
1.913086828346814983e+00
2.136727089575843230e+00
2.134368912540858254e+00
2.149843693369479780e+00
2.097019259835293248e+00
2.109352819973870474e+00
2.094676669820904280e+00
2.147345396158274244e+00
2.106866096565016555e+00
2.084518684054019300e+00
2.082731070854313860e+00
2.069590647073791700e+00
2.402648339410309752e+00
2.383391297313624424e+00
2.400760633467562855e+00
2.067844326404136179e+00
2.381519577610822225e+00
2.269337072243225784e+00
2.117852425057421772e+00
2.269818400681782755e+00
2.234697307728839455e+00
2.235164247706577179e+00
2.084336384590966151e+00
2.118188509772695571e+00
2.084652896461324012e+00
1.970516131722951148e+00
2.123475912291373113e+00
1.970598569567648894e+00
1.923674998965087646e+00
1.923741295833817588e+00
2.075606410864497597e+00
2.123703860621001471e+00
2.075820931534575919e+00
2.091658411997465716e+00
2.317874278172905811e+00
2.086665510122799105e+00
1.813766572137984534e+00
1.814258409173193920e+00
2.033142831466351108e+00
2.307078241069156377e+00
2.024802320738657180e+00
2.093060414118469659e+00
2.013707726448050295e+00
2.088635146970599266e+00
2.190860125510492473e+00
2.185825152691041939e+00
2.110560682126799037e+00
2.011195330362317346e+00
2.107367692699845474e+00
2.227651801993747682e+00
2.164228922923275178e+00
2.252774088982613776e+00
2.310929564754369725e+00
2.337797286778572126e+00
2.244943080171169392e+00
2.186035644957370572e+00
2.268623875496315279e+00
1.901379725489676487e+00
1.806580980250997559e+00
1.898441050893362014e+00
2.016829130749281607e+00
2.012773208786442503e+00
1.922806208629780800e+00
1.806897252673451693e+00
1.921726656569648917e+00
2.006605031172199016e+00
1.911027712163155146e+00
2.013551875558038606e+00
1.911760563119299317e+00
1.917156411893802481e+00
1.817495115023641805e+00
1.913233545614576370e+00
1.818015914222571361e+00
2.329678491132797014e+00
2.256850394482520450e+00
2.337317266663847981e+00
2.256098993103089256e+00
2.263278465553896446e+00
2.185546015439482126e+00
2.262959135397869304e+00
2.191178013506457134e+00
1.991097398114789030e+00
1.910947323000779186e+00
1.997063680246675021e+00
2.253045023965100757e+00
2.261659676541260211e+00
2.170659167414046742e+00
1.913969673274255934e+00
2.176745725667255549e+00
2.001768466259262080e+00
2.258474741834147093e+00
1.996451492666983185e+00
1.919465627453417866e+00
1.917146597111103912e+00
2.174859505535022830e+00
2.230714321700481673e+00
2.149140578827221759e+00
2.101131522683840736e+00
2.319731566531324063e+00
2.112209536686228795e+00
1.870791828810723700e+00
1.872979170300999030e+00
2.080648111586552496e+00
2.350074831176005574e+00
2.104655309168302679e+00
2.141866728925153396e+00
2.035890174061998792e+00
2.131892573785742595e+00
2.223816465237456796e+00
2.212878249663819297e+00
2.117976122497879921e+00
2.030204442059309944e+00
2.111061540053668750e+00
2.280568735329243424e+00
2.324401923052722196e+00
2.263949278729390890e+00
2.201823658282661356e+00
2.186296147541498591e+00
2.244956553037804170e+00
2.307500365881459459e+00
2.229118477117646435e+00
1.970539856952714608e+00
2.030813178187122148e+00
1.967340498561873652e+00
1.860934589955219209e+00
1.859048462468310126e+00
1.920398206331260571e+00
2.025384961641989889e+00
1.916214732854260916e+00
2.055700002160669726e+00
2.033097402569103096e+00
2.059881489168646773e+00
2.058617822099489736e+00
2.062810739814567196e+00
2.035993337187793628e+00
2.036686855527733098e+00
2.039607694913980751e+00
2.370682305762225717e+00
2.352965523746926468e+00
2.338802673865274961e+00
2.372951739680047467e+00
2.341025127128872896e+00
2.355218683941864732e+00
2.321633856869162571e+00
2.323858002148363244e+00
2.016066907234340011e+00
1.839287172721313590e+00
2.022905166658528486e+00
2.205627731825636317e+00
2.214127679260765369e+00
2.024283256098285300e+00
1.840513419943637707e+00
2.027795996105979714e+00
2.057363861906149616e+00
2.203064726333447076e+00
2.058671749479104918e+00
1.872798430187307295e+00
1.872901561406939752e+00
2.015030295923313730e+00
2.207435742224109987e+00
2.018328336475584628e+00
1.860654237877761297e+00
2.018536214007993657e+00
1.861614923889282736e+00
1.864251800629233236e+00
1.865229332561479270e+00
2.022278512503373982e+00
2.021094037216099260e+00
2.024833903455423023e+00
2.220701780732771802e+00
2.082524709309506505e+00
2.222452974213589449e+00
2.221894694051265606e+00
2.223637120151591429e+00
2.085120183964007889e+00
2.083307792727667973e+00
2.085909491236612734e+00
2.159763869383721335e+00
2.050234500715760966e+00
2.184796110921541690e+00
2.329713996101387075e+00
2.358274778478953060e+00
2.215424252910372704e+00
2.070448927390807548e+00
2.240272510008631812e+00
2.219194251673319407e+00
2.055782536647198455e+00
2.201456417796335607e+00
2.055614172647450388e+00
2.041306864740868754e+00
1.894382050500371228e+00
2.048499727992118657e+00
1.891437298474382356e+00
2.130414604606058138e+00
2.063235943918933835e+00
2.133317038219666006e+00
1.956737993542331688e+00
1.958857907752036276e+00
1.891514464887152025e+00
2.065331761707317693e+00
1.892746029089114490e+00
2.104766286589084601e+00
2.055110472694607893e+00
2.106648308205691489e+00
2.291475432634391574e+00
2.293708224986092503e+00
2.240094928728536772e+00
2.056697355588545939e+00
2.242082701945514955e+00
2.287164403601709139e+00
2.228141249082388420e+00
2.304036079025348016e+00
2.289292173772214056e+00
2.306214610335993953e+00
2.230262627409236309e+00
2.241597956415751991e+00
2.243762560142277707e+00
1.968673623456203448e+00
2.225083219380761257e+00
1.966916515509108176e+00
1.971468244032780648e+00
1.969666580615003548e+00
2.227954495124930823e+00
2.211908391919318539e+00
2.213324954235313946e+00
1.985632649119605908e+00
1.982329310566051106e+00
1.986669037155651907e+00
2.046862752462845769e+00
2.048291522987788937e+00
2.043534281129757879e+00
1.983297439563600495e+00
2.044895278349383005e+00
1.963544565375547890e+00
1.961271962564854254e+00
1.942588013880468534e+00
2.053095523040127546e+00
2.028732752640968862e+00
2.050799304543847512e+00
1.940548511298692436e+00
2.026648823138583744e+00
2.289902623367505718e+00
2.146721989565569810e+00
2.296751099900922632e+00
2.191249223807563595e+00
2.198957275084258978e+00
2.051197004549921488e+00
2.151667947422853722e+00
2.055396451414177150e+00
1.992714386853357666e+00
2.135720728396565793e+00
1.994145219123895973e+00
2.217209466244223215e+00
2.219597806068884793e+00
2.365445503097505231e+00
2.139107432230833439e+00
2.369592914556207575e+00
1.964683125348810844e+00
2.087778982887826817e+00
1.984364255833016788e+00
2.127972493921435948e+00
2.154323853919939413e+00
2.254872235034365957e+00
2.118302757151278470e+00
2.290231401582014659e+00
2.298494226552657338e+00
2.161879498662979238e+00
2.293908216145369217e+00
2.084939209169250240e+00
2.081125687690661863e+00
1.952045938688620641e+00
2.158536831119993948e+00
1.949771654592983294e+00
2.141843311218981860e+00
2.139819137751435285e+00
2.136673787168998473e+00
2.121366332838655389e+00
2.116312387309942977e+00
2.119350389321700501e+00
2.134668462367442565e+00
2.114315846764739604e+00
2.154315435833470183e+00
2.151183867982452647e+00
2.152875764553912497e+00
2.138982048586273610e+00
2.137600860348088272e+00
2.135855062080907363e+00
2.149786867659525313e+00
2.134516522522177606e+00
1.986910432909118285e+00
2.070676405039825863e+00
1.984190116209479937e+00
2.121283897381164074e+00
2.117473605939403036e+00
2.205668612181551858e+00
2.066213164729785667e+00
2.200289109227336226e+00
2.316373029363425928e+00
2.381198681252303828e+00
2.312847010101872769e+00
2.141716178995738851e+00
2.138791327397057351e+00
2.204705986350563585e+00
2.377204912746581300e+00
2.201221748953837043e+00
2.120883327348543901e+00
1.893315642365625884e+00
2.131565611651235592e+00
2.097096541474731346e+00
2.107508787636314551e+00
1.870337034102351303e+00
1.894069359969307698e+00
1.870736297060326958e+00
2.171408177557763164e+00
2.246773058017278224e+00
2.158449852277573022e+00
2.154275750563032332e+00
2.141671840668307514e+00
2.229401763064159603e+00
2.229296546577627325e+00
2.212242452539079807e+00
2.152246507632427530e+00
2.229969891358961398e+00
2.155664644746146941e+00
2.136654006290732877e+00
2.139976145247581840e+00
2.214126879532888559e+00
2.234700238522741245e+00
2.218752511718342646e+00
2.151432121498935590e+00
1.888116685007936724e+00
2.154144052587911418e+00
2.129593259272927863e+00
2.132235104074292842e+00
1.866972282962312990e+00
1.887408579249346019e+00
1.864417309909956355e+00
2.146818226929596563e+00
2.210367764699711302e+00
2.168180901528736548e+00
1.931753947439964314e+00
1.946717021685081539e+00
1.993504998910272885e+00
2.235375732629990786e+00
2.013128855981880072e+00
1.787381441414467975e+00
1.887041138940490193e+00
1.790809319642608477e+00
1.961620804722570499e+00
1.959554767494082750e+00
2.061179961298562180e+00
1.882566902049108037e+00
2.053407134211262086e+00
1.975699095766945135e+00
2.251027228664550961e+00
1.976378923489860773e+00
2.055166594486550480e+00
2.056139193920588859e+00
2.334724888969683221e+00
2.253748702138694604e+00
2.337619370987794820e+00
1.973674753161303252e+00
1.937073116754316260e+00
1.974490436438226526e+00
2.087922159943672806e+00
2.088946238060824800e+00
2.050731822060805953e+00
1.937649287459537462e+00
2.051526484657182792e+00
2.306232425564231026e+00
2.274586594892131330e+00
2.308360001763921865e+00
2.046717322220822588e+00
2.048344822690264522e+00
2.016505801447910695e+00
2.276577892985348406e+00
2.017973356688554709e+00
1.997143221247206668e+00
1.950276684248434256e+00
1.980821361725480845e+00
2.093187208024262613e+00
2.072525387333949531e+00
2.045813572801250757e+00
1.940317311846931236e+00
2.031324711983885312e+00
1.982478686195996209e+00
1.847152639413551345e+00
1.976773684723188707e+00
2.232728270283712568e+00
2.224279546392414986e+00
2.093789563511850638e+00
1.846373558757342881e+00
2.089733441321770968e+00
2.313063180249078421e+00
2.212439170706323566e+00
2.307126997596282258e+00
2.237314302585731607e+00
2.231731729068185288e+00
2.138123059962278028e+00
2.208003160210768812e+00
2.134122737449790641e+00
2.138673500120487958e+00
2.030015339629451798e+00
2.165590712708092447e+00
2.054078041630830853e+00
2.078185142151496301e+00
1.947244411237038397e+00
2.045584701289507201e+00
1.959465653356152970e+00
2.142091020158105152e+00
2.348192274907484389e+00
2.138679982841984462e+00
2.078695732466266488e+00
2.075848615249116236e+00
2.282731446370025452e+00
2.340364036440766071e+00
2.275317639189132102e+00
1.991412733241005650e+00
2.114811520605344164e+00
1.995625965508521116e+00
2.042221924310488212e+00
2.047336512774965200e+00
2.166610234855370187e+00
2.125790994044297832e+00
2.178343601082506353e+00
2.320905237836918378e+00
2.103942383617979139e+00
2.301689333724642683e+00
2.011207447552248784e+00
1.997709861723424130e+00
1.798888353299955112e+00
2.098255657389366036e+00
1.802690931363277738e+00
2.096281081177131966e+00
2.069268412749088348e+00
2.092811176536392370e+00
2.158052178601199689e+00
2.154372301225048858e+00
2.130628831403024392e+00
2.065896704922703719e+00
2.127031389675071438e+00
2.166817937229004620e+00
2.127602807430745813e+00
2.165141752901584837e+00
2.210414621102635202e+00
2.208648235366517998e+00
2.172390261877911399e+00
2.126254875071420081e+00
2.170925875388494575e+00
2.140692562099710372e+00
2.181984589483338954e+00
2.163776531902322109e+00
2.112424600057899227e+00
2.133106227532239441e+00
2.151958774182372025e+00
2.208736921624293359e+00
2.177867245599890644e+00
2.134477222934578755e+00
2.166038451708370616e+00
2.122085317991963649e+00
2.091877497415176812e+00
2.080037295703083267e+00
2.123156691592344103e+00
2.153191498270603077e+00
2.110820246382009824e+00
2.151772022212154134e+00
2.034743309002299938e+00
2.158362686923738671e+00
2.116590162677366660e+00
2.122901107421538036e+00
2.000244372281344329e+00
2.038391774477073426e+00
2.003551699812652576e+00
1.784963355798223184e+00
1.999623157403148888e+00
1.783707357283834227e+00
2.106280528981328892e+00
2.106920950748313093e+00
2.326450167218419018e+00
2.002660776014128619e+00
2.330965501392571859e+00
2.099028663534170391e+00
2.170974341159152665e+00
2.091480293205876251e+00
1.853582840705751522e+00
1.850612015027949919e+00
1.924412806668005294e+00
2.160307858203195153e+00
1.917825088189330396e+00
2.120438656178490255e+00
2.173331327724739914e+00
2.114358473563550334e+00
2.215579882766750774e+00
2.207301911320536547e+00
2.267925255082154479e+00
2.166089045298853044e+00
2.260006422587323982e+00
2.243096485071792934e+00
1.998707225054342951e+00
2.274041997943612614e+00
2.324675612972989303e+00
2.357716534302952915e+00
2.076133814620213069e+00
2.006571375934292689e+00
2.087142085586196849e+00
1.936459761181204886e+00
1.996489466182086447e+00
1.931825566493591051e+00
2.046653223381457387e+00
2.040597766030106897e+00
2.107648865370260083e+00
1.989718995994379069e+00
2.099586844028927146e+00
2.018520482727157006e+00
2.071600912112314230e+00
2.026110610323048622e+00
1.919537580639919749e+00
1.925794328263423338e+00
1.971529211270020454e+00
2.080747633676244490e+00
1.979482855384513407e+00
2.340796981849696756e+00
2.097991613780058273e+00
2.348010130509912585e+00
2.266437987811571464e+00
2.273249790930245595e+00
2.026416127463901429e+00
2.099936620870537674e+00
2.027804248752044458e+00
1.981969094007672183e+00
2.028382646405537670e+00
1.988022122542127512e+00
2.276100209752953241e+00
2.284578238084614910e+00
2.325437080344663343e+00
2.035365084051604434e+00
2.334558635940634730e+00
2.041748078700599045e+00
2.112235894039735662e+00
2.030030710430827945e+00
1.957468111583192893e+00
1.948630621810971464e+00
2.027255944603957971e+00
2.093763267565889485e+00
2.011458203779085352e+00
1.837214447176257925e+00
1.861572536504441766e+00
1.841065755285211214e+00
1.992856695422428936e+00
2.001273465589251010e+00
2.017835647474811367e+00
1.867655838553991643e+00
2.028388274407340486e+00
2.200234625079970030e+00
2.217721243553419264e+00
2.178460121784075110e+00
2.319480108201792845e+00
2.296686985795496572e+00
2.338812017991767078e+00
2.196660469597545795e+00
2.315356193430685217e+00
2.163722574838824908e+00
2.051623958353172128e+00
2.163408332536943313e+00
2.301696426220210867e+00
2.301346108963693737e+00
2.186301607019935034e+00
2.051389296062584577e+00
2.186019840078943677e+00
2.208210036553458266e+00
2.367401052128901284e+00
2.208080109889158926e+00
1.998173437767409411e+00
1.998090793619000216e+00
2.153640874622301915e+00
2.367179106476131611e+00
2.153452811133341527e+00
2.120393451071521440e+00
2.286188665424700339e+00
2.127529862076174894e+00
2.000896966037524649e+00
2.005965579703895774e+00
2.164627926485703124e+00
2.301008358632785189e+00
2.177974076718466989e+00
2.098664149049427774e+00
1.970720662390750277e+00
2.086358990478415443e+00
2.328424738772255864e+00
2.313062765003908616e+00
2.197830462568638676e+00
1.965063101905590859e+00
2.188286313241643466e+00
2.262453637384554295e+00
2.282546610150341770e+00
2.262079233605041928e+00
2.159660256297350589e+00
2.159324710726547192e+00
2.177901695050247000e+00
2.282155886354233054e+00
2.177551328681984089e+00
1.940249733170011481e+00
1.971243897450147831e+00
1.940257249198510614e+00
1.797104555200269349e+00
1.797159003608667760e+00
1.827874814498431810e+00
1.971222566285387945e+00
1.827900094200147763e+00
1.831160745746784890e+00
1.973281707371335791e+00
1.831275163307941156e+00
1.840955686776999167e+00
1.841033415271548623e+00
1.983246288332623397e+00
1.971811916051702251e+00
1.981740824716577087e+00
2.202772706301447059e+00
2.307598836736501902e+00
2.201578986891126632e+00
2.210147163413545890e+00
2.208939836869765472e+00
2.315075426179639351e+00
2.305856891928535823e+00
2.313326669111363643e+00
2.165159150652411935e+00
1.979157146746494567e+00
2.180975015421617869e+00
2.327992227092203770e+00
2.346222838507986186e+00
2.137493833534867438e+00
1.984694658148693502e+00
2.146463563837071042e+00
2.186974691864114639e+00
2.309820334522259877e+00
2.170042200002897381e+00
2.038688580747157530e+00
2.027075990623301571e+00
2.160171621387249719e+00
2.286729980978105203e+00
2.140245825613319663e+00
2.099151743906129575e+00
2.138146667757898634e+00
2.095812053345357917e+00
1.916379029531176670e+00
1.913977454296469594e+00
1.953947549963514607e+00
2.134433414528581263e+00
1.951107050927728181e+00
2.051518627685744889e+00
1.776284821808154613e+00
2.049503289476207080e+00
2.261403320191853972e+00
2.258946583302683386e+00
1.981576037490338837e+00
1.776765590724673549e+00
1.981333862701142978e+00
2.258739858140864420e+00
2.294010860832292664e+00
2.273036891295125983e+00
2.265567797300563235e+00
2.279948473893211869e+00
2.300897855359074651e+00
2.309394202051135991e+00
2.316385599881634505e+00
1.935354084642166406e+00
1.987041940082753033e+00
1.931443461400483841e+00
1.944475950762256211e+00
1.940326757108436606e+00
1.996215001520069476e+00
1.979075261614710701e+00
1.988009195962066045e+00
2.132681019599634187e+00
2.088054055915925300e+00
2.148035266469081161e+00
1.983739074365749921e+00
1.993742987786572218e+00
1.940114710395629771e+00
2.098149792908488909e+00
1.944714268634185173e+00
2.141440306779395897e+00
2.109220870701432382e+00
2.135636387987982499e+00
2.312168854003999741e+00
2.305315273326790759e+00
2.279003519884833295e+00
2.103997229827979432e+00
2.272679207562637416e+00
2.282329851978476931e+00
2.112905638250405005e+00
2.273250156496501084e+00
2.290004588843951971e+00
2.280932623594175368e+00
2.120332798469090285e+00
2.106749921610724385e+00
2.114092731011659509e+00
1.969024787870693460e+00
2.075625669778460747e+00
1.966718686240028546e+00
1.979680225314469633e+00
1.977306464791748430e+00
2.086458179664353096e+00
2.071317092678625293e+00
2.082102465434709337e+00
2.065471177917594492e+00
2.235917540496614286e+00
2.072664977870787517e+00
1.982117515714127087e+00
1.988069573194771511e+00
2.151086806180739330e+00
2.247989247258900036e+00
2.162351465383213878e+00
2.377466323616634014e+00
2.271688022849287947e+00
2.346672327114621037e+00
2.312006380226110380e+00
2.282723663064878394e+00
2.208572487075570301e+00
2.246396056047953671e+00
2.183680395477131331e+00
2.036371255815348391e+00
2.070381279311736655e+00
2.048687869139626638e+00
2.136933428439242277e+00
2.150971187609947322e+00
2.170366465415379142e+00
2.083747878353025218e+00
2.186714283660014857e+00
2.056156333087761467e+00
2.109694671776795261e+00
2.058004672473565222e+00
1.781501727161717952e+00
1.779828892969745002e+00
1.835371224277480451e+00
2.113613246698719195e+00
1.834202677355132760e+00
1.903221869424243540e+00
2.116658560446019077e+00
1.904954777090613227e+00
2.050110715379623194e+00
2.053200167698937761e+00
2.268883073898332103e+00
2.122484275537465770e+00
2.275607746377978025e+00
2.249032476822184989e+00
2.149330441186777740e+00
2.252353697115739628e+00
2.068424839704411600e+00
2.071053647208422444e+00
1.970013164939647732e+00
2.151328532848464814e+00
1.971190290443725512e+00
2.035423873200401523e+00
1.955987012928336544e+00
2.051584932708042430e+00
2.016809364817523154e+00
2.032588182927903109e+00
1.937659740217545945e+00
1.966897885885105612e+00
1.948114604650569737e+00
2.096627041839948635e+00
1.969458932908338289e+00
2.090134191133937502e+00
2.083603543940836911e+00
2.077297986122165874e+00
1.956618749330730100e+00
1.969243648459647833e+00
1.956603108514773925e+00
2.241378996072502794e+00
2.132469085738509129e+00
2.236520759111005674e+00
2.230736067099200248e+00
2.225954004339685710e+00
2.122020211918937527e+00
2.129638625307163302e+00
2.119262787393248360e+00
2.238794879170379559e+00
2.158750269384595466e+00
2.233984154378994447e+00
2.224351502212757126e+00
2.221049597869132697e+00
2.144443679117594037e+00
2.156172959309016868e+00
2.141912904271134899e+00
2.231804777754085034e+00
2.144767939560324521e+00
2.246883923216977053e+00
2.038353904392609994e+00
2.050515597704238857e+00
1.953414840392267093e+00
2.156385834697105430e+00
1.961424831529099411e+00
1.909568824267502185e+00
2.120196897299895689e+00
1.901756883194729131e+00
2.075191761010702240e+00
2.061568697987190113e+00
2.289639524977729046e+00
2.096061079126566362e+00
2.261644972468770831e+00
2.038804775131940694e+00
2.222758035129883680e+00
2.042468717547779367e+00
2.026568071492574674e+00
2.030037609406775356e+00
2.210120464875636515e+00
2.234659010170710669e+00
2.221877621741823461e+00
2.029631000524258155e+00
1.886105827580672134e+00
2.014072489069763883e+00
2.011751219506986210e+00
1.996625298667334292e+00
1.868537638095724152e+00
1.882151974351798929e+00
1.865099759858305006e+00
2.331211673704474130e+00
2.348317979632390973e+00
2.349201607635582612e+00
2.157174215211155044e+00
2.172820901019474782e+00
2.173638349527957647e+00
2.366415867324139555e+00
2.189502588575627406e+00
2.050414016807843076e+00
2.073327184265562728e+00
2.054905711809900559e+00
2.199047874248094558e+00
2.205196854717605071e+00
2.221067440252967540e+00
2.078757947887674540e+00
2.228015503944001274e+00
1.844833967003851383e+00
1.868223306005069695e+00
1.847022344411307415e+00
2.109308699757544758e+00
2.120692670324741957e+00
2.133683076531225797e+00
1.874423957604255619e+00
2.147111090735721817e+00
2.209120651448333472e+00
2.225934088194625904e+00
2.196720246427281253e+00
2.098580628812731774e+00
2.087555046332759900e+00
2.116507876651122722e+00
2.213095320289859558e+00
2.104962145874814006e+00
2.039217897117491241e+00
1.886390940669770089e+00
2.027036080010106822e+00
2.118247958474657189e+00
2.104534154486048081e+00
1.963815985703107447e+00
1.883722522066805016e+00
1.959306852777442431e+00
2.023091151322423009e+00
2.242971639063939371e+00
2.023388091380109444e+00
2.082003019558589241e+00
2.081612332612345906e+00
2.303643476839977389e+00
2.234515181811201678e+00
2.294573647481590317e+00
