1.775490910021699786e+00
1.840090321844553678e+00
1.774666616812681896e+00
1.889820681671134484e+00
1.891804708442307525e+00
1.955368210166976484e+00
1.844436994116390505e+00
1.962461069161392846e+00
2.092747828370662866e+00
2.139741626897317062e+00
2.082172126886124630e+00
1.900106651215580200e+00
1.892377980451940944e+00
1.945746603848914180e+00
2.127403074487767221e+00
1.935996740716238618e+00
1.887173919712287429e+00
1.812994233803548738e+00
1.889951949452868041e+00
2.024955925044030103e+00
2.028242348838427134e+00
1.948114057183955694e+00
1.815097030635758557e+00
1.950831950474874343e+00
1.945728570738924912e+00
2.119412480342874439e+00
1.946673456034792693e+00
2.045730531436910304e+00
2.046923752007234754e+00
2.223612373786731489e+00
2.121503815389643499e+00
2.225883027275776804e+00
2.071652135772130698e+00
2.179168451505843151e+00
2.081777172078507210e+00
1.975463064285670090e+00
1.985500322658402927e+00
2.081018204685377349e+00
2.192364529579104548e+00
2.093019903640752855e+00
2.071964650941335861e+00
1.926542056226439259e+00
2.046474166976516074e+00
1.935897176574603140e+00
1.913900750124144290e+00
1.792182982193025520e+00
1.910785266920550285e+00
1.781442146690735751e+00
2.082557347871336617e+00
2.064895952447823646e+00
2.076136478119593232e+00
1.970163817023774966e+00
1.964547827151263970e+00
1.952877546570218836e+00
2.058765452784648176e+00
1.947607650482548136e+00
1.778808794871230337e+00
1.751549662720870870e+00
1.778910532548372725e+00
1.975512205579770919e+00
1.974546935123743907e+00
1.947679368567686531e+00
1.752141349745446552e+00
1.947217262924012537e+00
1.961681859945656026e+00
1.978627754116200288e+00
1.975051825271851857e+00
2.023458336475131958e+00
2.037144371886536298e+00
2.040579318547261156e+00
1.991884196822734543e+00
2.055523233377992476e+00
1.961506573945176690e+00
1.973981424458667311e+00
1.970541245577496436e+00
2.046963758092589902e+00
2.057035854691417587e+00
2.059676168893125325e+00
1.983487069382072310e+00
2.070192482993181038e+00
2.226099488983754426e+00
1.959140616216012543e+00
2.242709257828016334e+00
2.008779705379637903e+00
2.022579260875320806e+00
1.753416526674394182e+00
1.964544588208914533e+00
1.752897555551505615e+00
1.986753232993656582e+00
2.002014621030571817e+00
1.971998852786586376e+00
2.059492368656544503e+00
2.044502450082908762e+00
2.074970476761049731e+00
1.986347458285886658e+00
2.059085872907344239e+00
1.813505674734405382e+00
1.893668343453228875e+00
1.807072440832412363e+00
2.046193646268752886e+00
2.035609026781941111e+00
2.129777300794124084e+00
1.883738724329535597e+00
2.116309236000116556e+00
2.120609673907402737e+00
1.919645797733783077e+00
2.112833750807309841e+00
2.044164950826178107e+00
2.037000786379774553e+00
1.845398983133819115e+00
1.917913420984907358e+00
1.844461479958849903e+00
1.961636427418118167e+00
2.030112516635293574e+00
1.981539608774588679e+00
1.876094196392214641e+00
1.892041776226929262e+00
1.942974987466478787e+00
2.052473345551389272e+00
1.963296810455307462e+00
1.963243409630134106e+00
2.066697721060169357e+00
1.959691987109457578e+00
1.899744589725378185e+00
1.897096383531306607e+00
2.002121314020054221e+00
2.058977847568770336e+00
1.995225463644889174e+00
1.776141154643940290e+00
1.915512453611541099e+00
1.778995787553656616e+00
1.821635155286716490e+00
1.825786504943009092e+00
1.960773645432212664e+00
1.929064539632619812e+00
1.976752117303740119e+00
2.089425098410736314e+00
1.932520793550712268e+00
2.073046138375861602e+00
2.124529619375222111e+00
2.107521161982542246e+00
1.966815570053696671e+00
1.925915490424281007e+00
1.958073751357427561e+00
2.066955271200836552e+00
2.065267561028032439e+00
2.067222665739204324e+00
2.107503500997493617e+00
2.107781543786977352e+00
2.105803134044298197e+00
2.065534298013327774e+00
2.106080582434257220e+00
2.086915731134105556e+00
2.084427498914034338e+00
2.087012828002466236e+00
1.818600708092642293e+00
1.818642165967718993e+00
1.816195708848035384e+00
2.084522734444937520e+00
1.816235229360004588e+00
2.010994485933654818e+00
2.008909633770497472e+00
2.023073296344699568e+00
1.975953566117472748e+00
1.988856628645610414e+00
1.973877619269145844e+00
2.020866459215294064e+00
1.986666932654463702e+00
1.967225064353047781e+00
1.965649897897697507e+00
1.953623313198116218e+00
2.246183634056449385e+00
2.228845072311311348e+00
2.244527654033188657e+00
1.952081589631440295e+00
2.227196228606705741e+00
2.128405705478050969e+00
1.993741558080942777e+00
2.128842980379553662e+00
2.098059000858786050e+00
2.098484464484180023e+00
1.964232953725209008e+00
1.994053519329850310e+00
1.964527289358191098e+00
1.866343447141262768e+00
2.001067945968525663e+00
1.866428139650671003e+00
1.825093726991282583e+00
1.825163904316553065e+00
1.958998008310850913e+00
2.001277441173514138e+00
1.959196089354416914e+00
1.972763558678194862e+00
2.171728026863402938e+00
1.966599042235931183e+00
1.729558108604894784e+00
1.728020942596474985e+00
1.921710379932051183e+00
2.161957185387383795e+00
1.914074772696638504e+00
1.974752342166073316e+00
1.904933355414195617e+00
1.970634811295225663e+00
2.059363419704486109e+00
2.054750300817913100e+00
1.990071283217192288e+00
1.902466079006485122e+00
1.987005400233469832e+00
2.092401041590423727e+00
2.035221729899653997e+00
2.115169703927001876e+00
2.165308800434857073e+00
2.189613790828637718e+00
2.107308290578722598e+00
2.055129790456825312e+00
2.128967365758093422e+00
1.805714935846773006e+00
1.723805186610140261e+00
1.802815897431971237e+00
1.907415994484621180e+00
1.903526586251994335e+00
1.824578740406708866e+00
1.723555886921447122e+00
1.823273460089215536e+00
1.897311428928558641e+00
1.812979669546290751e+00
1.903961769795220915e+00
1.813807086129671120e+00
1.819075765207981643e+00
1.730528135706446591e+00
1.815516158608741604e+00
1.731545402460423322e+00
2.182094489935359150e+00
2.118189670286226178e+00
2.189019213705072797e+00
2.117698375586623882e+00
2.124218992753338142e+00
2.054390265714908903e+00
2.123829566541117764e+00
2.059552116671821587e+00
1.884325212509200487e+00
1.813588271554693154e+00
1.889922132994587667e+00
2.114507281312165254e+00
2.122415982942324142e+00
2.040876558537406904e+00
1.816654336172708106e+00
2.046551405483793218e+00
1.894258780148708077e+00
2.119995929110063404e+00
1.888207033202767615e+00
1.821779551500869454e+00
1.818402929189271156e+00
2.045236803031358352e+00
2.094810783601023907e+00
2.021866088344878687e+00
1.978929208229846193e+00
2.172532737478841902e+00
1.991197965601467113e+00
1.777425563962559352e+00
1.780664462013112015e+00
1.961367559238001546e+00
2.200060439785803013e+00
1.984783311931075822e+00
2.015826866097798487e+00
1.923901920057890846e+00
2.006713502602695876e+00
2.089220679441535111e+00
2.079163694302183174e+00
1.994663754874101746e+00
1.918355286430319495e+00
1.988149950587431380e+00
2.138750242995620443e+00
2.177299684860500406e+00
2.123626997231268909e+00
2.069793343263058638e+00
2.055696688503174663e+00
2.107738482706717598e+00
2.162097437399763677e+00
2.093386147842365652e+00
1.866739383145918474e+00
1.919830634900620225e+00
1.863516713752379150e+00
1.770113433962925198e+00
1.768069882581817076e+00
1.822592818956400240e+00
1.914684037896360769e+00
1.818547440672960258e+00
1.941222967822085144e+00
1.921282454824307262e+00
1.945172709653684606e+00
1.943769581528715484e+00
1.947741804475578542e+00
1.923838823738321491e+00
1.924726777500433528e+00
1.927303871733392349e+00
2.218309949268649106e+00
2.202755122681455013e+00
2.189590854195930802e+00
2.220284091273227567e+00
2.191551829557650599e+00
2.204735707318574711e+00
2.174495017237776828e+00
2.176436624204083792e+00
1.906147393100888099e+00
1.749976080346314022e+00
1.912450043060701432e+00
2.072816684652068808e+00
2.080593294516432046e+00
1.912899039537841350e+00
1.751450278773224678e+00
1.916411667377936112e+00
1.942945991695185448e+00
2.069908488759553133e+00
1.944344032539035982e+00
1.780419085242447519e+00
1.780740286313969634e+00
1.905840431054730333e+00
2.073907182887915202e+00
1.908945672342376554e+00
1.769005793689379491e+00
1.908495595218600904e+00
1.769985136155134198e+00
1.772198301870112402e+00
1.773192024867669137e+00
1.911738551121072494e+00
1.910843533108627534e+00
1.914093644566830843e+00
2.085522544857925986e+00
1.965168465801344633e+00
2.087110795963099896e+00
2.087859670172571569e+00
2.089452461121541926e+00
1.967457271470946623e+00
1.965940552605518254e+00
1.968234500095803696e+00
2.031212037138623749e+00
1.935680846045507497e+00
2.053879782776703244e+00
2.181525402120225721e+00
2.207147656493805066e+00
2.080854367336423927e+00
1.954422670551836827e+00
2.103637614426195235e+00
2.085044859840742504e+00
1.941218078069841368e+00
2.068720229496312069e+00
1.941261577085844348e+00
1.927930850479768310e+00
1.799155638165565119e+00
1.932530541978440652e+00
1.795627963197591992e+00
2.005099805551104453e+00
1.945728240324943403e+00
2.007773302926279868e+00
1.853521182902513553e+00
1.855526982023937510e+00
1.795914751975722812e+00
1.947697513163870076e+00
1.797163524468882834e+00
1.984779697196925374e+00
1.941077284379389534e+00
1.986506654375119085e+00
2.148733601571749752e+00
2.150760085618601991e+00
2.103652351803248166e+00
1.942551853079545143e+00
2.105467550610845784e+00
2.144469978240251429e+00
2.092630385127746795e+00
2.159888625519342131e+00
2.146341108607018988e+00
2.161795721529771619e+00
2.094492457174799593e+00
2.105167814861517606e+00
2.107065766111544391e+00
1.865154020401925461e+00
2.089525912644163874e+00
1.862983324961930531e+00
1.867616113946894307e+00
1.865404774897733819e+00
2.092038231240147539e+00
2.077607386571195036e+00
2.080149635193340618e+00
1.879365648344525797e+00
1.876455710053820169e+00
1.880516054422494143e+00
1.933220203492942879e+00
1.934716571592305367e+00
1.930291946351583743e+00
1.877546745355224589e+00
1.931729545605364695e+00
1.860728458904704397e+00
1.858725654567013663e+00
1.841029332257283269e+00
1.939547762526612873e+00
1.916876270207621413e+00
1.937525062174153767e+00
1.839231683001912643e+00
1.915033895725514856e+00
2.146736099220477811e+00
2.019473363826260748e+00
2.152898046420551381e+00
2.060280837875470006e+00
2.066000649640897802e+00
1.936649618924718652e+00
2.024057368714358596e+00
1.940618819099198422e+00
1.886081033951060082e+00
2.012008502430813639e+00
1.887504279875105162e+00
2.083427263796958862e+00
2.085693113412120603e+00
2.213447249355954938e+00
2.015110838350535172e+00
2.217194653315038622e+00
1.860362294196131749e+00
1.969207401198108887e+00
1.879042200559458919e+00
2.002852435610540827e+00
2.027086567849626597e+00
2.116015380941508539e+00
1.996958146094351960e+00
2.147915172138970874e+00
2.154784416959357074e+00
2.033421103577317091e+00
2.150651607799325848e+00
1.967318499692483069e+00
1.963850022129380868e+00
1.850127337367365232e+00
2.030344349250192693e+00
1.847950957807908523e+00
2.015604722880954824e+00
2.013817907738379986e+00
2.010910637601394768e+00
1.997557571216514560e+00
1.992964036895943591e+00
1.995776028345725983e+00
2.009139922672445788e+00
1.991198833246945021e+00
2.026926296193636734e+00
2.024162268234025230e+00
2.025541787151230899e+00
2.013401878160380853e+00
2.012071979025165547e+00
2.010644644688362792e+00
2.022814948867173612e+00
2.009352496168645530e+00
1.880132878619316106e+00
1.953986941234530761e+00
1.877457679584115136e+00
1.997077592684616931e+00
1.993500401075732675e+00
2.072618873735404321e+00
1.948483681827274161e+00
2.067650599912433940e+00
2.170490620536688287e+00
2.227311038269447430e+00
2.167280946724998714e+00
2.015878804281864944e+00
2.013210692708902627e+00
2.071478012339702524e+00
2.223717906097221864e+00
2.068329657778658071e+00
1.998864436737619821e+00
1.798188398860504744e+00
2.008581073484887014e+00
1.977947251743521262e+00
1.987437148572102075e+00
1.777923108638146399e+00
1.799383402987073666e+00
1.778797309147350347e+00
2.042178225388857182e+00
2.109805691210259404e+00
2.030166316643361668e+00
2.027070261910856708e+00
2.015371652151255688e+00
2.094570083342178535e+00
2.093754245787344814e+00
2.078829666533124509e+00
2.024611695662925204e+00
2.094258115323400560e+00
2.027807225400104940e+00
2.010871084476754334e+00
2.013972933448329172e+00
2.080378556062866480e+00
2.098609983669792456e+00
2.084640538531919329e+00
2.024566089574369787e+00
1.794124528596450441e+00
2.027035136146435157e+00
2.006753419046455100e+00
2.009187247842568524e+00
1.775470084679159566e+00
1.793644666483895422e+00
1.774920550170918654e+00
2.019611486741964335e+00
2.076826144583582945e+00
2.039188391554639157e+00
1.831583427391426433e+00
1.845697321120576495e+00
1.886186637481324313e+00
2.099690722412547395e+00
1.904267965835747312e+00
1.706679173245694070e+00
1.792872403295620254e+00
1.707240105433654787e+00
1.858544026586542719e+00
1.856002105687719173e+00
1.946183315521370361e+00
1.788310403438733154e+00
1.938696867639769117e+00
1.870126501826459009e+00
2.112862938460144946e+00
1.870856638458839427e+00
1.940004829422881105e+00
1.940994482012046385e+00
2.186102176523326612e+00
2.115315064617197649e+00
2.188703594108122541e+00
1.869428838065725795e+00
1.837123535658162776e+00
1.870206855826287207e+00
1.969920277835588429e+00
1.970881746311359484e+00
1.937189240159543857e+00
1.837696850288324191e+00
1.937955163116939827e+00
2.161383017088457592e+00
2.133582266610951184e+00
2.163302022345112263e+00
1.933499153334318432e+00
1.934994652338901444e+00
1.906890349998116685e+00
2.135398745812903343e+00
1.908250285081452002e+00
1.890294796742157724e+00
1.849029104782031752e+00
1.874333152007332970e+00
1.974756377966079501e+00
1.953745449156166547e+00
1.933107106074665404e+00
1.838564268872298957e+00
1.917310278215322406e+00
1.876581438568418747e+00
1.757172099656379771e+00
1.871180833309824099e+00
2.096518443227087580e+00
2.088724150918200184e+00
1.972927149392899038e+00
1.756045943376992158e+00
1.968988749774002844e+00
2.167768500232399198e+00
2.078236898947054989e+00
2.162408679335899642e+00
2.101516851703240540e+00
2.096432024805131356e+00
2.014152995783716094e+00
2.074164203494993863e+00
2.009055990406530157e+00
2.012530062397424047e+00
1.917790124050673839e+00
2.037033112717716143e+00
1.939287650462300228e+00
1.961583771999359849e+00
1.844964309290269444e+00
1.932835930861492635e+00
1.857054355045847149e+00
2.015902422101599090e+00
2.198234981122832110e+00
2.012634355293588584e+00
1.961506466794698866e+00
1.958659930719361064e+00
2.140949819005408372e+00
2.191152532769988781e+00
2.134200334135643473e+00
1.884471489632395080e+00
1.991848363637921171e+00
1.888817916871303959e+00
1.929148949953308101e+00
1.934299131115105208e+00
2.037458136452164670e+00
2.003348540770654385e+00
2.048216800642159718e+00
2.174623359456646199e+00
1.984107110416795550e+00
2.157149898580390524e+00
1.902688550021536251e+00
1.890158668396058950e+00
1.717343671106791980e+00
1.976887591876138384e+00
1.717918650899564526e+00
1.976852915162563562e+00
1.952950049844954350e+00
1.973701509340064053e+00
2.029852719973466613e+00
2.026546876478445114e+00
2.005651121500396705e+00
1.949855030413519819e+00
2.002389239483389982e+00
2.037873204031633634e+00
2.003262282012375994e+00
2.036327113732245397e+00
2.077518784610348668e+00
2.075874898942716040e+00
2.042732392619720727e+00
2.002002871283056429e+00
2.041367846325032431e+00
2.015095407965794116e+00
2.051467275970500825e+00
2.035209655695114694e+00
1.988999098848897695e+00
2.008170082272229706e+00
2.025156274232788878e+00
2.074841466972388027e+00
2.047646835257059372e+00
2.009382296440517468e+00
2.037320842936128695e+00
1.998110523624241575e+00
1.973313041407535051e+00
1.962511761140456112e+00
2.000952920249785993e+00
2.025691151450094374e+00
1.988316630760224690e+00
2.024265963119177059e+00
1.922336180425884944e+00
2.030291792872203516e+00
1.993223555823652848e+00
1.998986005565095869e+00
1.891981533213580313e+00
1.925891480532438749e+00
1.895238209125924556e+00
1.704917259634785243e+00
1.892393627878998563e+00
1.704151271569950943e+00
1.985992394844491526e+00
1.986781914562895324e+00
2.179365085506440813e+00
1.895227377386838441e+00
2.183475448664485175e+00
1.977537350799550619e+00
2.042287882036410984e+00
1.970404486631411878e+00
1.762806962607232908e+00
1.759592146398835988e+00
1.825334736349471854e+00
2.032341062283452349e+00
1.818977165865028223e+00
1.998619581750042062e+00
2.043847443149851006e+00
1.992987589635370593e+00
2.080977288343729192e+00
2.074724373142138312e+00
2.128236017477718178e+00
2.037279974958457363e+00
2.121064171322008640e+00
2.105541803206545826e+00
1.889982907534731194e+00
2.133597513865988837e+00
2.176973928208489895e+00
2.206828640586844692e+00
1.956839310691716793e+00
1.898384200010901690e+00
1.969213278756817953e+00
1.836376579939604126e+00
1.889299533153598887e+00
1.831871372530312625e+00
1.933385734863702687e+00
1.927639096328553237e+00
1.987088425831115446e+00
1.882971843215522245e+00
1.978283363058334299e+00
1.908071300884802701e+00
1.954884049177462613e+00
1.915170967918397249e+00
1.820920337493086461e+00
1.826836193892823479e+00
1.866881407416941752e+00
1.963312779523951779e+00
1.874247463358613031e+00
2.191987363758472362e+00
1.978610075899113863e+00
2.198469972301428932e+00
2.126910441298679011e+00
2.133067120340532696e+00
1.915705297440243760e+00
1.980628368435001896e+00
1.917232292518223469e+00
1.876470241319923460e+00
1.917486696064437446e+00
1.882081450141501078e+00
2.134947545881424880e+00
2.142662411126831756e+00
2.178259497634215336e+00
1.923861250519915966e+00
2.186505937771317853e+00
1.929507664952214485e+00
1.991494512940793715e+00
1.917973485592122440e+00
1.855328291142448238e+00
1.846347383198591263e+00
1.916789127799699788e+00
1.972865566801796255e+00
1.901797355792144373e+00
1.747984501747794184e+00
1.769526356399297562e+00
1.752285304584840109e+00
1.885105581673424568e+00
1.893483770756891227e+00
1.907130105774981876e+00
1.775765538462535265e+00
1.917339122015262465e+00
2.067374662616714431e+00
2.084052301743256841e+00
2.048777443399901976e+00
2.173091924165735822e+00
2.152336639231569926e+00
2.190042782953847578e+00
2.064877814823615765e+00
2.168809666257740076e+00
2.035097490945825705e+00
1.937529523069828841e+00
2.034814938548576535e+00
2.157356515225831828e+00
2.157040841693806499e+00
2.055999671717836819e+00
1.937310514090111679e+00
2.055739236080454724e+00
2.074519345482468857e+00
2.215372367920387386e+00
2.074398725236392238e+00
1.891130973108984037e+00
1.891050106024775523e+00
2.027961046998450367e+00
2.215171587263486064e+00
2.027790753133682955e+00
1.996729548002777577e+00
2.143932463115940656e+00
2.004949896202677273e+00
1.893004011524257457e+00
1.898098185987168174e+00
2.035981002247939653e+00
2.157386681806062079e+00
2.048068886740271211e+00
1.979717175662881079e+00
1.867076309657748734e+00
1.968440095501797105e+00
2.181322028535406687e+00
2.167364874911094308e+00
2.065452363121903723e+00
1.861468685561001646e+00
2.056573918763311415e+00
2.122498857628738023e+00
2.140206668089253306e+00
2.122156727693949030e+00
2.031152355034370416e+00
2.030845520298938833e+00
2.048533443339667137e+00
2.139851130471403184e+00
2.048213391177577947e+00
1.839924479796795076e+00
1.867232939700076644e+00
1.839920323554403048e+00
1.715489253182225893e+00
1.715520795264638076e+00
1.742452489582121622e+00
1.867203587365324768e+00
1.742459318197593809e+00
1.743321139715337420e+00
1.868725194863527506e+00
1.743297903240051294e+00
1.751959933396142866e+00
1.751902525403689737e+00
1.877486859406848563e+00
1.867320955653800407e+00
1.876050161764666324e+00
2.069829567323568931e+00
2.163139848727948067e+00
2.068729569742817631e+00
2.076315603227237183e+00
2.075202239689798223e+00
2.169719024930350404e+00
2.161566003416688808e+00
2.168134853067464896e+00
2.036130668699914992e+00
1.873291069449406265e+00
2.050462868641974801e+00
2.180091558117492667e+00
2.196587185333092052e+00
2.011344403775701561e+00
1.878952055210310945e+00
2.019855776592550001e+00
2.055653624213562125e+00
2.164743747953368214e+00
2.041108926514276334e+00
1.926588565374735662e+00
1.915379183591216616e+00
2.032133820238269273e+00
2.143737578817551004e+00
2.013978287670363354e+00
1.977502220143739775e+00
2.011961647873159897e+00
1.974430767661989883e+00
1.817913097860103910e+00
1.815636351950601135e+00
1.851111787558367583e+00
2.008581304571601223e+00
1.848468920027829920e+00
1.937978969833440424e+00
1.696935918420908074e+00
1.936135352212656979e+00
2.122357531548811682e+00
2.120134543243221259e+00
1.876102348758275085e+00
1.697182931402299921e+00
1.875770828261335899e+00
2.119524714530891529e+00
2.150555186180438838e+00
2.132604236042504819e+00
2.125537685675219279e+00
2.138653070591430172e+00
2.156560284264903427e+00
2.164515264441083886e+00
2.170615978510038957e+00
1.835756042822903833e+00
1.881292949639245204e+00
1.831396855373023325e+00
1.843797179580481727e+00
1.839235604316191708e+00
1.889375129395894248e+00
1.873420860047577241e+00
1.881297360561834608e+00
2.007045569567648791e+00
1.967597985574370156e+00
2.021533066514888510e+00
1.877212585487653573e+00
1.887309585029645742e+00
1.838747040739157956e+00
1.979097510221842882e+00
1.844136367127024334e+00
2.015605231944482156e+00
1.988613802010250842e+00
2.010326524656196323e+00
2.166767494576143704e+00
2.160538129571043520e+00
2.137664890442809273e+00
1.983778308623135533e+00
2.131878539798581329e+00
2.140572527353006738e+00
1.990052717691626061e+00
2.132410582796189225e+00
2.147277488725881867e+00
2.139024264491716565e+00
1.996594920132451989e+00
1.984354511867244986e+00
1.990813685312408765e+00
1.865509428016614457e+00
1.959441744883329450e+00
1.863264867511086553e+00
1.874921603958652927e+00
1.872622768825809692e+00
1.968921454255185388e+00
1.955490956676217085e+00
1.964927682840167389e+00
1.949442409954907252e+00
2.099778252084445462e+00
1.956282723455322170e+00
1.876147226336988494e+00
1.881884430272886544e+00
2.023876337533528691e+00
2.110693041004735981e+00
2.034045470950088141e+00
2.224075522489155077e+00
2.131363992330733481e+00
2.196291254790282643e+00
2.166824637540886389e+00
2.140255763734147720e+00
2.074777203751265731e+00
2.108061081998259922e+00
2.053138443869694907e+00
1.923591888503713765e+00
1.952266005474704524e+00
1.934953782769507580e+00
2.010878950785845998e+00
2.023647454781306809e+00
2.041587763118196897e+00
1.965911572948164654e+00
2.055213967950310305e+00
1.941609086538841789e+00
1.987328816923913166e+00
1.943681923188829153e+00
1.701351179348861598e+00
1.700549225191029024e+00
1.747157957808781248e+00
1.992563902561807598e+00
1.748174912605430453e+00
1.805970684732993714e+00
1.993147536407794407e+00
1.807801309948678714e+00
1.933945069373840031e+00
1.938264143753499757e+00
2.128047241680181667e+00
1.998421434261184571e+00
2.134155149194931766e+00
2.111296993101825947e+00
2.022316712368997571e+00
2.114351001845683253e+00
1.952623695901241518e+00
1.955078794572084444e+00
1.865927201289286463e+00
2.024204578197321247e+00
1.867129916723182514e+00
1.923427305307983337e+00
1.853302096558701928e+00
1.938272924070455705e+00
1.907057849417993278e+00
1.921579402302342032e+00
1.837161947993958933e+00
1.863675005784126260e+00
1.847132463871947294e+00
1.977637735308322764e+00
1.865744827493864832e+00
1.971391382757615052e+00
1.966185975774179973e+00
1.960097838796275749e+00
1.854444216761403030e+00
1.864937768155416009e+00
1.853820234439022663e+00
2.104338094392911973e+00
2.007240562371963577e+00
2.099863847944284601e+00
2.094991339943967024e+00
2.090574885711852460e+00
1.998042147085350440e+00
2.004541939967693143e+00
1.995413418043513687e+00
2.101616390782553800e+00
2.031018658505154839e+00
2.098603305182264567e+00
2.088915191515444469e+00
2.085933784597556517e+00
2.019851719851242677e+00
2.028660141009172690e+00
2.016111731465860757e+00
2.095731520187337438e+00
2.017849755902183961e+00
2.109499114795915453e+00
1.925749306533195204e+00
1.936940726861485107e+00
1.850719098150017672e+00
2.028571698299927561e+00
1.858396939299403083e+00
1.812835271179419783e+00
1.998435713848326856e+00
1.804763204062345139e+00
1.958601496800152608e+00
1.944107559900080551e+00
2.147187495027931714e+00
1.975120667932437346e+00
2.121860842239396749e+00
1.926071549263040472e+00
2.088121006100218224e+00
1.929900207511700660e+00
1.915318117302321266e+00
1.918973567962686921e+00
2.077035290373704157e+00
2.099014295254418627e+00
2.087777394923677754e+00
1.918859307599110497e+00
1.792374053597491912e+00
1.904388112042827652e+00
1.903139046572546178e+00
1.889056046215195295e+00
1.776876421242328030e+00
1.787919638272962075e+00
1.772893354598737981e+00
2.182859889491255867e+00
2.197914327798788925e+00
2.199105755318493838e+00
2.029038218894813284e+00
2.043195362214563104e+00
2.043588616863360130e+00
2.214226686276445477e+00
2.057945128047948380e+00
1.936799112824051594e+00
1.956949433467999100e+00
1.941166682267739585e+00
2.066223555023216640e+00
2.071950892633500629e+00
2.086817982421871331e+00
1.962139861919024675e+00
2.093325107168196197e+00
1.755048407921504960e+00
1.775705315196729916e+00
1.759466045277038981e+00
1.986620271150226991e+00
1.998821311809617196e+00
2.008134926757851879e+00
1.782060593446023411e+00
2.020657398041552533e+00
2.075355795688115457e+00
2.091431359877052643e+00
2.064065956625938725e+00
1.979420665818016900e+00
1.969317640011997828e+00
1.995193103394190093e+00
2.079764386625639894e+00
1.984608850444192107e+00
1.926831478760698824e+00
1.792099829223552376e+00
1.915458372177568425e+00
1.994907630170343227e+00
1.982354068205576691e+00
1.860319982651224446e+00
1.788943891142365405e+00
1.855523670706145545e+00
1.913169290380847265e+00
2.106471630448928600e+00
1.912918861026319473e+00
1.964950591743575892e+00
1.964084625094199232e+00
2.159559520324080495e+00
2.098657485615779805e+00
2.151229044144541191e+00
