1.777576712960062588e+00
1.940453945070543362e+00
1.776546683224879075e+00
1.752670882305922273e+00
1.752883335832570166e+00
1.897732711932773819e+00
1.941161358919947677e+00
1.899975510126067579e+00
1.831821066165972400e+00
1.800226777433565406e+00
1.825220543142549667e+00
1.891870795253280946e+00
1.892753656920604266e+00
1.853102893102378079e+00
1.795078379759778464e+00
1.855137290847907128e+00
1.904890163816186366e+00
1.874772221911165326e+00
1.906561501641800938e+00
1.918692707267450892e+00
1.919847711393873446e+00
1.887226883665617194e+00
1.875996768951620819e+00
1.887952413519414563e+00
1.710437283628001071e+00
1.683549535708831701e+00
1.713638828419357996e+00
1.759373842682916633e+00
1.761594051203320799e+00
1.726627031110462784e+00
1.686269618980795304e+00
1.728331538847601934e+00
1.825923381350677888e+00
1.791159723321047004e+00
1.829727109370353766e+00
1.804432077473569374e+00
1.810309162703551689e+00
1.772112909287818283e+00
1.793485103470080944e+00
1.776456416938285265e+00
1.959477991279322318e+00
1.927353876519136699e+00
1.958957175920770677e+00
1.950968522268717642e+00
1.950061485632832881e+00
1.919664644678983345e+00
1.927214859112021728e+00
1.919154103025097369e+00
1.808565773248562270e+00
1.783761332470020999e+00
1.804973286357282269e+00
1.885826048823198153e+00
1.884370871808234593e+00
1.853499553337509820e+00
1.780630487794728323e+00
1.852509700292924721e+00
1.799931792524184893e+00
1.951097955500568304e+00
1.800377505684575219e+00
1.694450877481115780e+00
1.691490536110863196e+00
1.784074966675597285e+00
1.949769667006096885e+00
1.779479695630318936e+00
1.724314378662764824e+00
1.781410453490309465e+00
1.724314378662764824e+00
1.724314378662764824e+00
1.724314378662764824e+00
1.781410453490309465e+00
1.781410453490309465e+00
1.781410453490309465e+00
1.904920044075628205e+00
1.796196261363794955e+00
1.904920044075628205e+00
1.904920044075628205e+00
1.904920044075628205e+00
1.796196261363794955e+00
1.796196261363794955e+00
1.796196261363794955e+00
1.903165113459516444e+00
1.895015398217372304e+00
1.908606363840046116e+00
1.965275634213300870e+00
1.966605105792102126e+00
1.955290356750555070e+00
1.900190041295205745e+00
1.956378210794187833e+00
1.876369189392746328e+00
1.863548556538645817e+00
1.877023505879323650e+00
1.832955917597887563e+00
1.829818662428006393e+00
1.821961973606995855e+00
1.864455727937444074e+00
1.819136451901499640e+00
1.823806647504182310e+00
1.811708995948920320e+00
1.823806647504182310e+00
1.671362981164335793e+00
1.671362981164335793e+00
1.664843799703333183e+00
1.811708995948920320e+00
1.664843799703333183e+00
1.722379652516407234e+00
1.717868829215034143e+00
1.722379652516407234e+00
1.910933880407715169e+00
1.910933880407715169e+00
1.901383997309809226e+00
1.717868829215034143e+00
1.901383997309809226e+00
1.892185579808839613e+00
1.775722056496777057e+00
1.893131910988665512e+00
1.892185579808839613e+00
1.893131910988665512e+00
1.775722056496777057e+00
1.774071708141971015e+00
1.774071708141971015e+00
1.740005457630997565e+00
1.814670176633098819e+00
1.736986777540185933e+00
1.740005457630997565e+00
1.736986777540185933e+00
1.814670176633098819e+00
1.809231092437935784e+00
1.809231092437935784e+00
1.791889826142716080e+00
1.867639155303040699e+00
1.790663286237637930e+00
1.782094808508661865e+00
1.782311654807211543e+00
1.854939621254119597e+00
1.869256851260102215e+00
1.858174349244940959e+00
1.797484959539962457e+00
1.838979767228224205e+00
1.794888686792691423e+00
1.728187801176825911e+00
1.724971192157754629e+00
1.758604950004559742e+00
1.835801678984272378e+00
1.754963345670573771e+00
1.952054340918685460e+00
1.832910854445388704e+00
1.951591891927474842e+00
1.866998117727088236e+00
1.864457463581252084e+00
1.774132040474790450e+00
1.833459446629929213e+00
1.772782067916216064e+00
1.820285501868555755e+00
1.882707715099143808e+00
1.819432928249548498e+00
1.852527719770421744e+00
1.852742065971271668e+00
1.923557070356690435e+00
1.881185157883023873e+00
1.923190668168334394e+00
1.714021681238146577e+00
1.726053573074013858e+00
1.715038217257801367e+00
1.868544966759082104e+00
1.868668193035142311e+00
1.891038698344960967e+00
1.727125736557510116e+00
1.891232922008613038e+00
1.939261454154996844e+00
1.782288652772358706e+00
1.931252546143512605e+00
1.845032747062969491e+00
1.829141775020603378e+00
1.726534641719331908e+00
1.782033014676903449e+00
1.718393849248166072e+00
1.849489130712883789e+00
1.865316490323421394e+00
1.850263043584640332e+00
1.877269957200198292e+00
1.877861897080636222e+00
1.894772372364451840e+00
1.866163318190231513e+00
1.895437228067872404e+00
1.826040966012314026e+00
1.852675787885718517e+00
1.825904052612421724e+00
1.831700584538118459e+00
1.831485966160885770e+00
1.858906318471722052e+00
1.852604289188100273e+00
1.858752987329630457e+00
1.773163777288743415e+00
1.747969687506494729e+00
1.774043223646918577e+00
1.816246830520109157e+00
1.815688834198127211e+00
1.786935534086083743e+00
1.748583752107812694e+00
1.786174663026887099e+00
1.916493490834956459e+00
1.893314856654480405e+00
1.916584993053779051e+00
1.861317140901026956e+00
1.862927270336753427e+00
1.842121802134170760e+00
1.893222835293084660e+00
1.843515540144430087e+00
1.789068867004103058e+00
1.722290376404653767e+00
1.801649888374591058e+00
1.789068867004103058e+00
1.801649888374591058e+00
1.722290376404653767e+00
1.731292445173476802e+00
1.731292445173476802e+00
1.851570217111079719e+00
1.916048877348565327e+00
1.850762900623426521e+00
1.851570217111079719e+00
1.850762900623426521e+00
1.916048877348565327e+00
1.914144076599501254e+00
1.914144076599501254e+00
1.849828109317056324e+00
1.965762313969769304e+00
1.850006007173321532e+00
1.849828109317056324e+00
1.850006007173321532e+00
1.965762313969769304e+00
1.965604197974714085e+00
1.965604197974714085e+00
1.900611109683408184e+00
1.838903389419689782e+00
1.900128275374048492e+00
1.900611109683408184e+00
1.900128275374048492e+00
1.838903389419689782e+00
1.838640245558412989e+00
1.838640245558412989e+00
1.884888353440680842e+00
1.907017117088922742e+00
1.885513890780017521e+00
1.808621339710898779e+00
1.813517219087261267e+00
1.825341501253294307e+00
1.908114136056124455e+00
1.830755882573126492e+00
1.729403122698997208e+00
1.753343971787113542e+00
1.726113564158470393e+00
1.779083467910082206e+00
1.780755537849776360e+00
1.808430468638177135e+00
1.749251251543323615e+00
1.809483488816877816e+00
1.750332756977955206e+00
1.811336586313808006e+00
1.751182660406051639e+00
1.770809115013268986e+00
1.770287260691564724e+00
1.837101368360818388e+00
1.813480936934289689e+00
1.837751163064787807e+00
1.892953197344245275e+00
1.948988390532643278e+00
1.893092719283029357e+00
1.767575962128306477e+00
1.758176258637261791e+00
1.801508263123485332e+00
1.947467314734356636e+00
1.790502571383118191e+00
1.806990496164234239e+00
1.713907235884631008e+00
1.804947659009488392e+00
1.876108731217821735e+00
1.874756956825748500e+00
1.760183423274925163e+00
1.712722115383445320e+00
1.759729746694848718e+00
1.827612073787903579e+00
1.888018683879605364e+00
1.827630823567405027e+00
1.839687204781861984e+00
1.840020182232388279e+00
1.903027490663938170e+00
1.887692983532700097e+00
1.903049453359191068e+00
1.861389078081655324e+00
1.918243866237541173e+00
1.861227940223329380e+00
1.859272919415121184e+00
1.859355348362220273e+00
1.915702495881230760e+00
1.919767594266510891e+00
1.917489851351979802e+00
1.873337565364836532e+00
1.770789135833809480e+00
1.868305637653469686e+00
1.863578579671834934e+00
1.858249512117495339e+00
1.764155920077804085e+00
1.768271076574590150e+00
1.761331345618911914e+00
1.880762714915665379e+00
1.926254861238086757e+00
1.881644792719241677e+00
1.876345931552070079e+00
1.877302256990576401e+00
1.921119212204349669e+00
1.927505960844389632e+00
1.922447992828822283e+00
1.666166974975645143e+00
1.700846834738951152e+00
1.667890939706748510e+00
1.817617959634528102e+00
1.817047599905071920e+00
1.885364358886309155e+00
1.702902694407866679e+00
1.885102327961198476e+00
1.809690740100885709e+00
1.796381832866937867e+00
1.809286586127121899e+00
1.824034977198853102e+00
1.824734719714838249e+00
1.810036547717606137e+00
1.796219041849883347e+00
1.810952989977892891e+00
1.776131902471071999e+00
1.769688564397993158e+00
1.770037868991192198e+00
1.859239033507578576e+00
1.855302479796180570e+00
1.850293564162649229e+00
1.763766056784081826e+00
1.846571562657252308e+00
1.963108218666758997e+00
1.865280703689130348e+00
1.965496152735359825e+00
1.762321721245107886e+00
1.774304536175778102e+00
1.711650127457263526e+00
1.864720199131751244e+00
1.721193121548434402e+00
1.825721110794511048e+00
1.889183360692575420e+00
1.822724028249053996e+00
1.856164117199773811e+00
1.854819974995772558e+00
1.927859677944556038e+00
1.884641365307224259e+00
1.925011264858143889e+00
1.770376150120780867e+00
1.828116882073277605e+00
1.774350241645026749e+00
1.857813502630681013e+00
1.857024226244730958e+00
1.939432044650149400e+00
1.833698701861885993e+00
1.940056502261789939e+00
1.934584563806497126e+00
1.831891810702281465e+00
1.936061297354305877e+00
1.898791254525399541e+00
1.902088199529524903e+00
1.806427708926250819e+00
1.831567812356817537e+00
1.807735758118386826e+00
1.864204564607431225e+00
1.853987037513159741e+00
1.866645835207588533e+00
1.797517065995243080e+00
1.802507155898692259e+00
1.789501438487141272e+00
1.856201354828067362e+00
1.794268896344903386e+00
1.800123171019305968e+00
1.784593527617356123e+00
1.803088277532561623e+00
1.788141705919401137e+00
1.789293224571399943e+00
1.773269311335580189e+00
1.787867255844151293e+00
1.774784170025609509e+00
1.697461919309157352e+00
1.805422607745023278e+00
1.701635213811214520e+00
1.757604169654716220e+00
1.758549951106147535e+00
1.903192870730610942e+00
1.813120105196429188e+00
1.907910451804690322e+00
1.879602494776077659e+00
1.856480134877214638e+00
1.877739575381071502e+00
1.898785866470936501e+00
1.898997096929270878e+00
1.874125652098344474e+00
1.855267844011921685e+00
1.874916675063072358e+00
1.877190023829977683e+00
1.860001200256486964e+00
1.876448228530182227e+00
1.920978147310235640e+00
1.920582711988248370e+00
1.901142821267215677e+00
1.859334663167297341e+00
1.900820873907581809e+00
1.847128326420970135e+00
1.819593989556470115e+00
1.847261523538826555e+00
1.750997983250507595e+00
1.750292136008878785e+00
1.731646964816194512e+00
1.819792650712249049e+00
1.731025820070054788e+00
1.865285435764099553e+00
1.785661292845651449e+00
1.865555974688315022e+00
1.803182655948872615e+00
1.807289704026956656e+00
1.737946938753399673e+00
1.784431982568321029e+00
1.740227665798721235e+00
1.866771166998715259e+00
1.818745418674860836e+00
1.858420965494879340e+00
1.955420138608647829e+00
1.952858124686175589e+00
1.891492715009259307e+00
1.812289837634664558e+00
1.890743549104543231e+00
1.927025627537616526e+00
1.852931132541754344e+00
1.927035512591976918e+00
1.888872873885248715e+00
1.888475454731414427e+00
1.822897087287016271e+00
1.853131676244460735e+00
1.822728278340383756e+00
1.795359731759084809e+00
1.907358222389165414e+00
1.795289566108771773e+00
1.676492467120719976e+00
1.675666341173096097e+00
1.738628591708251125e+00
1.906931283932893129e+00
1.737522234340901139e+00
1.809863906947661416e+00
1.888969064214796045e+00
1.808629125872102783e+00
1.734330835886589206e+00
1.736903208439104507e+00
1.792483538214210137e+00
1.888769601647068530e+00
1.796362204817389951e+00
1.865956167004959809e+00
1.747668951190594733e+00
1.868136528366807880e+00
1.897886092876087005e+00
1.898581950586025968e+00
1.768098038427474927e+00
1.747888255792956258e+00
1.767081334169162243e+00
1.934991338615656753e+00
1.915338766464831366e+00
1.936680030471270797e+00
1.957415746223704511e+00
1.957941838495299791e+00
1.936334467303574058e+00
1.916683982046810231e+00
1.936547069220361683e+00
1.773149297547210068e+00
1.753546258898527110e+00
1.765353077751774968e+00
1.828835552531695052e+00
1.825743050377097276e+00
1.804715220519066632e+00
1.746669440025151010e+00
1.802515222581487553e+00
1.780318164295786598e+00
1.801902623241558921e+00
1.779031856075800722e+00
1.713270998592657746e+00
1.710780488806955546e+00
1.729567451551133672e+00
1.800360353768182931e+00
1.726846594613782315e+00
1.927411323782281638e+00
1.948438607498391484e+00
1.927074479878339908e+00
1.908717007519800557e+00
1.907793371519219683e+00
1.928401125874241728e+00
1.947916278813323743e+00
1.927276548312558457e+00
1.721091809129346117e+00
1.676449104640923560e+00
1.733980920079957411e+00
1.883447650623684577e+00
1.883297650772709275e+00
1.805204733531686978e+00
1.686542623972310917e+00
1.802461589320391466e+00
1.758375688263503989e+00
1.883448495006297740e+00
1.758589513189396936e+00
1.736804246032924937e+00
1.736285833677403190e+00
1.849898470053617405e+00
1.882527200233194087e+00
1.848141555104511280e+00
