1.917248244768429366e+00
2.111636772694322151e+00
1.915788309392082223e+00
1.887855251202040563e+00
1.887876867751015375e+00
2.060677707397358560e+00
2.112170631571429702e+00
2.063061513185080464e+00
1.981627110422904181e+00
1.944020787186689248e+00
1.974593706569046203e+00
2.052894448472283528e+00
2.054848839345191802e+00
2.006615069349140690e+00
1.938694186819165388e+00
2.009894646818950470e+00
2.069477818974528205e+00
2.033483916531364954e+00
2.071163083689844697e+00
2.085932570996001711e+00
2.086996750754751329e+00
2.048313183870010157e+00
2.034642729202013278e+00
2.048870083464494396e+00
1.838476238550498909e+00
1.806621756629514186e+00
1.842066101062879380e+00
1.895997550534997966e+00
1.898402382201124006e+00
1.857135960945594855e+00
1.809641231657266536e+00
1.858937763699316292e+00
1.975414425015032727e+00
1.933994299473996037e+00
1.979100158988317482e+00
1.949974335060952635e+00
1.956147814240565275e+00
1.911523364560291594e+00
1.935964905054899488e+00
1.915904993590811678e+00
2.134248212807377421e+00
2.095784402131923407e+00
2.133948239412134740e+00
2.124059027869695804e+00
2.123293279611790041e+00
2.086609018910261959e+00
2.095934638660026827e+00
2.086312388783721605e+00
1.954875942232554120e+00
1.925395481683814580e+00
1.950882825432162404e+00
2.046554577674804865e+00
2.045128112629974737e+00
2.007919691635489112e+00
1.921951588063027350e+00
2.007041941994743173e+00
1.943479784034616298e+00
2.123931214042291238e+00
1.944260609227373759e+00
1.819419081502911428e+00
1.816122006528285926e+00
1.925590861510174223e+00
2.122646944922768952e+00
1.920351163411637252e+00
1.855022842004518946e+00
1.922868639907446386e+00
1.855022842004518946e+00
1.855022842004518946e+00
1.855022842004518946e+00
1.922868639907446386e+00
1.922868639907446386e+00
1.922868639907446386e+00
2.068792814725818552e+00
1.939117365971301687e+00
2.068792814725818552e+00
2.068792814725818552e+00
2.068792814725818552e+00
1.939117365971301687e+00
1.939117365971301687e+00
1.939117365971301687e+00
2.067135266582807773e+00
2.057419877273577669e+00
2.073062469682730224e+00
2.141270520016017809e+00
2.142243369061429092e+00
2.129313909747856393e+00
2.063021676057151588e+00
2.130000385670363094e+00
2.034318425309886713e+00
2.019017872451833284e+00
2.035669627426274442e+00
1.982825022459644870e+00
1.979627530458835105e+00
1.969733242145419894e+00
2.020660553425975614e+00
1.966900386253453092e+00
1.972482673634763817e+00
1.958052138994199165e+00
1.972482673634763817e+00
1.792843077295230847e+00
1.792843077295230847e+00
1.785128801131357967e+00
1.958052138994199165e+00
1.785128801131357967e+00
1.852687353047135943e+00
1.847378998144903584e+00
1.852687353047135943e+00
2.075901740299435971e+00
2.075901740299435971e+00
2.064486199722754822e+00
1.847378998144903584e+00
2.064486199722754822e+00
2.054302940407851885e+00
1.915372447680596668e+00
2.054816798500668007e+00
2.054302940407851885e+00
2.054816798500668007e+00
1.915372447680596668e+00
1.912921050952756996e+00
1.912921050952756996e+00
1.872928627833785553e+00
1.961668058109265367e+00
1.869826914753807579e+00
1.872928627833785553e+00
1.869826914753807579e+00
1.961668058109265367e+00
1.955735467223611579e+00
1.955735467223611579e+00
1.934596922372171957e+00
2.024944918982094499e+00
1.932321381640190516e+00
1.923011159263874115e+00
1.922459557962711063e+00
2.009850665118954272e+00
2.025928812610390040e+00
2.012775395168630244e+00
1.941403561794652788e+00
1.990785142192309731e+00
1.938507913828385609e+00
1.859682558392234064e+00
1.856030332943898298e+00
1.895571144305346234e+00
1.987200676520019194e+00
1.891429031563103935e+00
2.125552004059807931e+00
1.983111837830211055e+00
2.125243759307171132e+00
2.024207512334493586e+00
2.021400814036003357e+00
1.913596177201235093e+00
1.983980039044765498e+00
1.912191909667352530e+00
1.967788372624093229e+00
2.042236575797947928e+00
1.966970024167637998e+00
2.005995678781402614e+00
2.006456201859668553e+00
2.090844747003711923e+00
2.040632479821522516e+00
2.090629228316050359e+00
1.843017169303560632e+00
1.857259375230043252e+00
1.844168849680396072e+00
2.025574244728018947e+00
2.025648524471327150e+00
2.052454604436978691e+00
1.858476725422872011e+00
2.052612118706157673e+00
2.109556893094798546e+00
1.922375006954707199e+00
2.101130480413378798e+00
1.997604507793829143e+00
1.979660708753288034e+00
1.856849010328538219e+00
1.923005240803413951e+00
1.848040207854708683e+00
2.003508362389629482e+00
2.022350235348034264e+00
2.004359700964805313e+00
2.036479166022822085e+00
2.037109473583490704e+00
2.057364913125411032e+00
2.023285735661930040e+00
2.058082720561229984e+00
1.974547433584775469e+00
2.006308141885461804e+00
1.974319631725403479e+00
1.981262356059917629e+00
1.980941438222937334e+00
2.013704376387939199e+00
2.006154576675107215e+00
2.013452852752567690e+00
1.912409753935228052e+00
1.882461082494692128e+00
1.913263025640250747e+00
1.963334865692180742e+00
1.962467950326476807e+00
1.928460578519496149e+00
1.883010755701567396e+00
1.927368189884833383e+00
2.082458314378806463e+00
2.054751125323236671e+00
2.082350122638945145e+00
2.016873951028319567e+00
2.018595013670140048e+00
1.993961395955516247e+00
2.054428958160202434e+00
1.995423442485313670e+00
1.932134496408330460e+00
1.852946377625903196e+00
1.946436302781510141e+00
1.932134496408330460e+00
1.946436302781510141e+00
1.852946377625903196e+00
1.862954289995195412e+00
1.862954289995195412e+00
2.005278411003986516e+00
2.082294265614923923e+00
2.004678460385910910e+00
2.005278411003986516e+00
2.004678460385910910e+00
2.082294265614923923e+00
2.080402892871164866e+00
2.080402892871164866e+00
2.003501255197775777e+00
2.142223025667682634e+00
2.003788600178635804e+00
2.003501255197775777e+00
2.003788600178635804e+00
2.142223025667682634e+00
2.142117810879295536e+00
2.142117810879295536e+00
2.063757805830920056e+00
1.990124046154896575e+00
2.063254216017568865e+00
2.063757805830920056e+00
2.063254216017568865e+00
1.990124046154896575e+00
1.989878841052575620e+00
1.989878841052575620e+00
2.045149122958055177e+00
2.071605423402576918e+00
2.045386458081016823e+00
1.954737983624601272e+00
1.960106711419239645e+00
1.974617868326690395e+00
2.072395469200368545e+00
1.980589224537125492e+00
1.860132405525846577e+00
1.888487684913563003e+00
1.856736257108449362e+00
1.918561445690818879e+00
1.921077467072318967e+00
1.953415767782745949e+00
1.884166426685275564e+00
1.955244794896896288e+00
1.885389264882129323e+00
1.957963639677062329e+00
1.886035023000529165e+00
1.909534635218288479e+00
1.908544942936634570e+00
1.988488389545139956e+00
1.960099728565696919e+00
1.988830284312304908e+00
2.054505210765976475e+00
2.121555867312533206e+00
2.055446242135902324e+00
1.906026558134745530e+00
1.895471224346688910e+00
1.946342149543090150e+00
2.120545578796011466e+00
1.933878242652064650e+00
1.952986509729438769e+00
1.842451493838506149e+00
1.950684982702008963e+00
2.034952620894259212e+00
2.033487150890757711e+00
1.896868576664921591e+00
1.841163308327736559e+00
1.896455315542865838e+00
1.976322743885928990e+00
2.048398019218801824e+00
1.976474823724292396e+00
1.990645284869403620e+00
1.991173935679242391e+00
2.066274029847784632e+00
2.048151449806825397e+00
2.066445475571260459e+00
2.017268383093182127e+00
2.085247440350161519e+00
2.016360977822206912e+00
2.014752883748245793e+00
2.014136920546721665e+00
2.082202583592366096e+00
2.086307663287078729e+00
2.083579904468240152e+00
2.031360602668191184e+00
1.909247132450299533e+00
2.025770343723893419e+00
2.019793838299132283e+00
2.013845673977712636e+00
1.901452683442974578e+00
1.906628680385232588e+00
1.898462721980940904e+00
2.040857433913774166e+00
2.095211587021732935e+00
2.041752809407652691e+00
2.035598471523444974e+00
2.036585348868189982e+00
2.089087473819405183e+00
2.096546270398610190e+00
2.090515397898816019e+00
1.786460917988203390e+00
1.827485062450041609e+00
1.788400168555229097e+00
1.964726119652254965e+00
1.963916149275645839e+00
2.045564584053587431e+00
1.829810531979893629e+00
2.045104036563659911e+00
1.955473847942134968e+00
1.939631391696564844e+00
1.955409235922433986e+00
1.972473069274595314e+00
1.973730204244842357e+00
1.955804842468698457e+00
1.939842150387139696e+00
1.957307401403029390e+00
1.915978786771109998e+00
1.908347433744749466e+00
1.909094968971811079e+00
2.014283205665617693e+00
2.009996446863694608e+00
2.003616844706556321e+00
1.901666280042207724e+00
1.999590906842522831e+00
2.139029270279428019e+00
2.021979023467035397e+00
2.141093323332770915e+00
1.900336447148483821e+00
1.913975826343698339e+00
1.840404821908590449e+00
2.020584301452685860e+00
1.851147920585938467e+00
1.974587116016834010e+00
2.050234870994750658e+00
1.971435097394542257e+00
2.010642330143651790e+00
2.009471877357946745e+00
2.096272706853879342e+00
2.045241444808128861e+00
2.093323375036156619e+00
1.909634575282419977e+00
1.978366894097820960e+00
1.913955020019773023e+00
2.013182384401306813e+00
2.011792551124880202e+00
2.110829110708230871e+00
1.984594298118401934e+00
2.111087428522543163e+00
2.104410854156965271e+00
1.981734558991359751e+00
2.105727846306041151e+00
2.061770710795949757e+00
2.065285617479408309e+00
1.951596445519532930e+00
1.980952676550880698e+00
1.952768833366550716e+00
2.020720546370760040e+00
2.008530104409252726e+00
2.023199433139026837e+00
1.941750311323585887e+00
1.947305701704054925e+00
1.932206464412619340e+00
2.010740486429728691e+00
1.937493846255619045e+00
1.943601029902421562e+00
1.925166403881242827e+00
1.947762778444263931e+00
1.929423397416432318e+00
1.931417552371318624e+00
1.911779117785333160e+00
1.929661963868115393e+00
1.914174894909804969e+00
1.823161461038086184e+00
1.951252070157281082e+00
1.827729135504557956e+00
1.893799296550858546e+00
1.894509398526814214e+00
2.067308306465734269e+00
1.959957415476324627e+00
2.072437937557261023e+00
2.038393863910442860e+00
2.010788784942533880e+00
2.036827313967312314e+00
2.061220720803387696e+00
2.062147198609515897e+00
2.031764065217354975e+00
2.009982623500023990e+00
2.033363894472439704e+00
2.036580265405576462e+00
2.016064505851824507e+00
2.035771386784232639e+00
2.088736668255793738e+00
2.088345338678956331e+00
2.065021948718372968e+00
2.015346121882360286e+00
2.064717710107538906e+00
1.999819200586061330e+00
1.967005839840042958e+00
2.000047711167524778e+00
1.886288530914158379e+00
1.885510513486264639e+00
1.863282515457748145e+00
1.967308302064109338e+00
1.862603403349262443e+00
2.021979361369955264e+00
1.927055143287462524e+00
2.021787481899593342e+00
1.948374152645689250e+00
1.952782325852255640e+00
1.870777304478009828e+00
1.925159150181816603e+00
1.873069826447418595e+00
2.023632929908921518e+00
1.966385739257589194e+00
2.014294972707918241e+00
2.129147689728440707e+00
2.126795694498701650e+00
2.052676430709298394e+00
1.959320721934504794e+00
2.052462583607053581e+00
2.095447389522967718e+00
2.006861108736064825e+00
2.095537865990412918e+00
2.049963578764095296e+00
2.049564083836255435e+00
1.971217505868567921e+00
2.007172060653025447e+00
1.971085615164679616e+00
1.937967224690308576e+00
2.071481115905303483e+00
1.937943904121308458e+00
1.798297292524378754e+00
1.797367661339809519e+00
1.871722130342280632e+00
2.071041586495028231e+00
1.870467386728934756e+00
1.956010897019951678e+00
2.050466197155744297e+00
1.954196872058586498e+00
1.866827739674624898e+00
1.869573020401890329e+00
1.935957267851572627e+00
2.049834405139016269e+00
1.940226810745905084e+00
2.022588251483105282e+00
1.881813412070707514e+00
2.024838189846283498e+00
2.060571032295759331e+00
2.061035961483534074e+00
1.905890377197744012e+00
1.881799474008275519e+00
1.904404444586862422e+00
2.105281592661310874e+00
2.081747179541433734e+00
2.106908655596819280e+00
2.132083459906541911e+00
2.132311904123216806e+00
2.106826881215687397e+00
2.082970774831522931e+00
2.106685493272212106e+00
1.912269166838552525e+00
1.888987101533042612e+00
1.903699226243162457e+00
1.978017656803542135e+00
1.975104811068273847e+00
1.949302309482282558e+00
1.881507454992881190e+00
1.947420648394223353e+00
1.920856579455595181e+00
1.946569166086763891e+00
1.919526289479201342e+00
1.841973633550258338e+00
1.839195535646764190e+00
1.861313108376095649e+00
1.944937332671988317e+00
1.858257566834626395e+00
2.095395106162333043e+00
2.120556884897740968e+00
2.095214124354429330e+00
2.073120807756597905e+00
2.072232697324523532e+00
2.096663306164499030e+00
2.120157048278149325e+00
2.095539957794515296e+00
1.851590670243089765e+00
1.798723257149124510e+00
1.866198245421290647e+00
2.043724409735425240e+00
2.042587751359612014e+00
1.950338430053988326e+00
1.809991893086158044e+00
1.946249038063482040e+00
1.894313523492147322e+00
2.043234904827171405e+00
1.894738398000813007e+00
1.868939688022888568e+00
1.868492445216457742e+00
2.003412901840428972e+00
2.042354856543104447e+00
2.001528423687847447e+00
