1.900218454702613524e+00
2.105272090851348032e+00
1.898445446532966763e+00
1.879342680966961110e+00
1.878825694419850922e+00
2.065519118863998749e+00
2.105062130291145195e+00
2.067066751595967755e+00
1.985002803209498179e+00
1.944161468211184740e+00
1.980276856395483787e+00
2.038779548712429612e+00
2.042389292785547816e+00
1.990359451286142001e+00
1.941012354206313351e+00
1.994985437310348164e+00
2.069815154234491139e+00
2.030851057551906536e+00
2.070655964979682295e+00
2.082584183685718404e+00
2.082837054686858203e+00
2.042167612548445366e+00
2.031224017679998717e+00
2.041982717623200827e+00
1.852117705250898361e+00
1.816805970240089163e+00
1.855133733768183024e+00
1.901927571821703467e+00
1.903652009371663123e+00
1.859492342624752048e+00
1.819245186486433408e+00
1.860660836475344526e+00
1.974255411963623752e+00
1.929577933764513586e+00
1.975729218994484171e+00
1.953819693860574747e+00
1.957721129434496277e+00
1.911941978722494273e+00
1.929569981138188117e+00
1.914215325337780271e+00
2.125670426609869601e+00
2.084807063333983912e+00
2.126113708942718894e+00
2.118167639505843081e+00
2.118191507416776531e+00
2.078172105512324119e+00
2.085623334637563886e+00
2.078593863407948383e+00
1.968501617029328576e+00
1.935791518356360763e+00
1.965251548336865994e+00
2.044508098484395298e+00
2.043908610948670823e+00
2.002926032564977366e+00
1.933085144244777176e+00
2.002808678587171265e+00
1.929656530804678916e+00
2.121261363375723796e+00
1.930884704631108395e+00
1.830476422758852140e+00
1.827767395956421570e+00
1.948816073843365526e+00
2.120783257957207013e+00
1.944076663850424325e+00
1.864602947904556496e+00
1.940013669370588278e+00
1.864602947904556496e+00
1.864602947904556496e+00
1.864602947904556496e+00
1.940013669370588278e+00
1.940013669370588278e+00
1.940013669370588278e+00
2.064494274712360244e+00
1.926767527155921034e+00
2.064494274712360244e+00
2.064494274712360244e+00
2.064494274712360244e+00
1.926767527155921034e+00
1.926767527155921034e+00
1.926767527155921034e+00
2.076210780972048475e+00
2.065520461703878041e+00
2.080492996025112173e+00
2.134992564100181678e+00
2.134504304935448182e+00
2.122205833735225866e+00
2.069488396677146902e+00
2.121476831832868726e+00
2.020425161979101603e+00
2.004389565633142301e+00
2.022802857207452565e+00
1.982291585694885505e+00
1.980553438550611167e+00
1.968172032350685496e+00
2.006991997767500369e+00
1.966761222825596622e+00
1.967212374902051142e+00
1.951770277253300545e+00
1.967212374902051142e+00
1.811999523969749948e+00
1.811999523969749948e+00
1.803367534238754732e+00
1.951770277253300545e+00
1.803367534238754732e+00
1.876732884723170569e+00
1.870844881047941666e+00
1.876732884723170569e+00
2.077012110796520261e+00
2.077012110796520261e+00
2.064648057870495990e+00
1.870844881047941666e+00
2.064648057870495990e+00
2.046791447992454493e+00
1.899918577402236242e+00
2.045896802857829933e+00
2.046791447992454493e+00
2.045896802857829933e+00
1.899918577402236242e+00
1.896700759164058336e+00
1.896700759164058336e+00
1.872275278217435002e+00
1.968950542162065220e+00
1.870523550251691702e+00
1.872275278217435002e+00
1.870523550251691702e+00
1.968950542162065220e+00
1.964562440226548024e+00
1.964562440226548024e+00
1.922303040763480020e+00
2.018275985020142826e+00
1.918504728858484221e+00
1.913876647678449672e+00
1.911565703944642980e+00
2.006794425137325533e+00
2.017082106005540609e+00
2.007372408972437849e+00
1.955239702075622699e+00
2.010209575675515836e+00
1.952857908630451611e+00
1.880507797159140626e+00
1.877204016870254843e+00
1.920568221748912840e+00
2.007137549493459350e+00
1.916755968453428549e+00
2.117660022859170876e+00
1.967142896614349157e+00
2.117928166431898074e+00
2.036354595278284663e+00
2.034156861236369629e+00
1.914958802199755006e+00
1.968353828076180090e+00
1.914102653120788311e+00
1.964781976957970411e+00
2.045296871369277625e+00
1.964475093613019308e+00
1.992879941372255104e+00
1.993715425208573588e+00
2.082595175509109886e+00
2.044282387635913523e+00
2.082885812172282414e+00
1.862378471372118760e+00
1.878316704564713557e+00
1.863404438659979068e+00
2.017841975620715100e+00
2.017748913278698986e+00
2.046568082421908130e+00
1.879417917577645980e+00
2.046545111968078423e+00
2.111385814895047286e+00
1.911363770531393058e+00
2.106190036840411395e+00
2.016026172716239628e+00
2.000640914120972447e+00
1.860710356938432675e+00
1.914025037574438759e+00
1.854376863067932257e+00
2.014036333208042429e+00
2.034902090927944496e+00
2.014685200959721367e+00
2.041569744825203259e+00
2.041988615627311709e+00
2.064458550848055296e+00
2.035634602123856496e+00
2.064959206298960126e+00
1.960106759877737082e+00
1.993439556956363878e+00
1.959771665116834427e+00
1.964690682483833939e+00
1.964279504803012610e+00
1.998565097797666112e+00
1.993161016771097582e+00
1.998204968393225478e+00
1.910126478650655324e+00
1.877964538549838691e+00
1.910468968600501416e+00
1.947769316402852890e+00
1.946583312354535522e+00
1.911398322819208850e+00
1.878046458972788768e+00
1.910051077143370080e+00
2.072206504854192666e+00
2.042909824889789672e+00
2.071649594178921028e+00
2.021731573427005824e+00
2.022880575986783391e+00
1.996745865158116917e+00
2.042181974831425606e+00
1.997656732210591812e+00
1.955186822207567676e+00
1.866591980580313059e+00
1.967900447807344966e+00
1.955186822207567676e+00
1.967900447807344966e+00
1.866591980580313059e+00
1.874876762969462263e+00
1.874876762969462263e+00
1.998117868913272810e+00
2.080774440419861371e+00
1.998382207817573253e+00
1.998117868913272810e+00
1.998382207817573253e+00
2.080774440419861371e+00
2.079915891587472920e+00
2.079915891587472920e+00
1.987628506326971412e+00
2.134460764468409710e+00
1.988038391802729787e+00
1.987628506326971412e+00
1.988038391802729787e+00
2.134460764468409710e+00
2.134554275794585454e+00
2.134554275794585454e+00
2.066006844383944774e+00
1.986437056084326525e+00
2.065705861883621708e+00
2.066006844383944774e+00
2.065705861883621708e+00
1.986437056084326525e+00
1.986367297872843274e+00
1.986367297872843274e+00
2.036950264624934448e+00
2.065190198305123737e+00
2.036056211727840903e+00
1.964642478164620787e+00
1.968721285329860349e+00
1.986612386396843455e+00
2.064757052483082056e+00
1.991300872514832454e+00
1.859577501965266944e+00
1.890229426371200727e+00
1.857603622201772886e+00
1.902798617951984239e+00
1.906140621339254437e+00
1.939099992421242646e+00
1.887422972918067376e+00
1.941939144866620559e+00
1.879330278706756285e+00
1.957383785447654567e+00
1.879068688565311174e+00
1.897172989980580260e+00
1.895462276810248703e+00
1.980847662860500735e+00
1.958404151076649891e+00
1.980197822458634294e+00
2.041959956879376925e+00
2.113014708405937192e+00
2.044457152018761104e+00
1.921281759766830355e+00
1.912352734736302740e+00
1.966251455008074078e+00
2.113903212423869693e+00
1.955308509303550490e+00
1.971000005379655917e+00
1.848518856170996649e+00
1.969034232885199964e+00
2.042254961993954510e+00
2.041209563246273895e+00
1.892394405881043795e+00
1.847564760504256220e+00
1.892307105943620948e+00
1.965170410925678901e+00
2.041612403490577154e+00
1.965585295705956304e+00
1.975147477629070725e+00
1.975878963729278404e+00
2.054544555976506093e+00
2.041701539175571956e+00
2.055000900662678376e+00
2.006448981736485671e+00
2.078877493133634680e+00
2.004114312329626557e+00
2.004629383466957293e+00
2.002548580178281856e+00
2.076603137533871823e+00
2.078156865986985125e+00
2.076168398719047126e+00
2.043739800767934156e+00
1.909980245812448185e+00
2.039319972503701450e+00
2.033712338059400437e+00
2.028913963618396821e+00
1.903701033547859023e+00
1.908402133056085859e+00
1.901750329150488472e+00
2.041475309167819496e+00
2.100755665869247668e+00
2.041943663243815710e+00
2.037292731415187408e+00
2.037850551889081707e+00
2.095741525243027148e+00
2.101631023992278635e+00
2.096711211155220411e+00
1.801672583904972091e+00
1.847441462710730509e+00
1.803357762496387462e+00
1.946477552461444160e+00
1.945513645091748067e+00
2.030887192614790226e+00
1.849534194203211079e+00
2.030179466988947912e+00
1.945957689672749069e+00
1.929182101528130744e+00
1.946829216398808349e+00
1.958086271790679511e+00
1.960105772226736320e+00
1.940633910460423772e+00
1.930276351264502033e+00
1.942839392771508411e+00
1.935092836618618417e+00
1.926557014045254590e+00
1.929032981538401081e+00
2.021612996041250554e+00
2.018490371311431275e+00
2.009931516103010019e+00
1.920727777637519118e+00
2.007051547624326471e+00
2.134893038830329992e+00
2.010018071405329732e+00
2.134980913865089924e+00
1.925462783609797501e+00
1.937910160098245793e+00
1.858419551698373695e+00
2.007245746034345579e+00
1.867798620730475756e+00
1.977051179845720430e+00
2.059861436585992855e+00
1.975045088899429757e+00
2.005152089193821929e+00
2.005049457875377250e+00
2.097404164244794700e+00
2.056108545415824551e+00
2.095722271435304762e+00
1.917800807230905402e+00
1.993992644750348875e+00
1.921012796381848187e+00
1.998918820329282031e+00
1.996750801727909863e+00
2.102472134981168139e+00
1.999106854649128406e+00
2.101628620037814255e+00
2.100421753070979669e+00
1.969818887831355170e+00
2.100616244866812643e+00
2.066871015299307501e+00
2.069172673158436560e+00
1.947530306661268584e+00
1.968283152191070418e+00
1.947731911541328298e+00
2.021464366878650942e+00
2.008236434593285047e+00
2.022769289252372538e+00
1.955296326335259405e+00
1.959786831891420888e+00
1.944686925254766052e+00
2.009301390353194439e+00
1.948917545585463706e+00
1.924804809535966665e+00
1.905799546152340929e+00
1.929701238230593141e+00
1.915267263942447062e+00
1.918391171317540334e+00
1.896868088951613851e+00
1.910921690087633351e+00
1.900288564145849124e+00
1.830638471046701632e+00
1.973073133843068483e+00
1.834111916572674250e+00
1.887721288023588295e+00
1.887410338427296441e+00
2.075881728223288647e+00
1.980741170554003006e+00
2.079545810854336985e+00
2.032088969407918277e+00
2.002674466837234935e+00
2.032129886114749873e+00
2.048585515551339498e+00
2.050834393208853967e+00
2.017616852804292815e+00
2.003357961530505271e+00
2.020396180847149115e+00
2.045344579147682751e+00
2.022769449917770856e+00
2.044753049478117646e+00
2.087574600892240007e+00
2.087401639213549487e+00
2.061945538722888216e+00
2.022264065812946043e+00
2.061850071434718323e+00
1.985174486874372368e+00
1.950865792699081780e+00
1.985520508785489913e+00
1.895932961933181726e+00
1.895322473181892953e+00
1.870563347108654462e+00
1.951266920894602741e+00
1.870049826503237478e+00
2.012382936644193876e+00
1.912259582227982868e+00
2.011098381602514529e+00
1.954607534133654623e+00
1.957693325167710441e+00
1.870052816542799423e+00
1.909654087767965969e+00
1.871204061023308940e+00
2.038104583066928210e+00
1.974852797546007732e+00
2.030507619050698764e+00
2.124383758166036529e+00
2.123860203553657122e+00
2.042842603182848826e+00
1.969483140117668007e+00
2.044135837104652076e+00
2.083536293157513875e+00
1.990387410952728864e+00
2.083783987528973647e+00
2.049517088029100265e+00
2.049319061063386904e+00
1.964836466609602983e+00
1.990806043680118931e+00
1.964871645172661996e+00
1.929397787653935659e+00
2.072451150546064103e+00
1.929510294268979020e+00
1.813100294584074845e+00
1.812295366069646141e+00
1.894947956354230634e+00
2.072205072542015802e+00
1.893800746690392778e+00
1.939034369237618183e+00
2.038360061730464690e+00
1.936729438627306621e+00
1.870933093397252556e+00
1.872798624958971647e+00
1.947061673917793279e+00
2.036957228293849287e+00
1.950389235508035446e+00
2.024306809267682361e+00
1.873248815781480170e+00
2.025592523914902632e+00
2.053567059434833197e+00
2.053183703379654723e+00
1.890414068351431887e+00
1.872595351917198947e+00
1.888507195778990067e+00
2.103509128668323402e+00
2.078141175141567931e+00
2.104110087545195018e+00
2.123685406791377961e+00
2.123011336244018388e+00
2.096783256273393459e+00
2.078387857149763818e+00
2.095804116362335101e+00
1.920691196228811126e+00
1.895129663155026289e+00
1.914080908805745551e+00
1.973803562289250468e+00
1.972869092677629776e+00
1.943105194760338827e+00
1.889557797404931572e+00
1.943059959879696041e+00
1.921673538363408928e+00
1.949632586680944302e+00
1.920889680787351672e+00
1.854840479843817835e+00
1.852523133099547081e+00
1.876412102093476975e+00
1.948573100555139437e+00
1.873811803072031434e+00
2.086881568826333577e+00
2.113672487928940136e+00
2.087200287979153579e+00
2.070268527221068133e+00
2.069943422777698494e+00
2.095638082669756486e+00
2.113807492454518044e+00
2.095104433994286808e+00
1.871080005506653876e+00
1.811968051353807674e+00
1.883893676208294732e+00
2.033135093371072788e+00
2.030091294105919264e+00
1.934712417128611417e+00
1.821382698026578373e+00
1.929413769370478704e+00
1.882013005585041032e+00
2.040231289600687337e+00
1.882778476699740189e+00
1.863366050459638101e+00
1.863355454851553628e+00
2.008609068179322943e+00
2.039920717185697896e+00
2.007314115311364056e+00
