1.785212196579882171e+00
1.948453921321429583e+00
1.784162551355139792e+00
1.760353329818629575e+00
1.760545712795834827e+00
1.905728362632839179e+00
1.949146867725095600e+00
1.907958346344769796e+00
1.839711278878583212e+00
1.808050503956968758e+00
1.833155011866663298e+00
1.899726038885686474e+00
1.900656296543411283e+00
1.860883595277517788e+00
1.802957812500742829e+00
1.862969253027602523e+00
1.912897664847703627e+00
1.882719028339137068e+00
1.914553376314314104e+00
1.926684730491232234e+00
1.927825290069299813e+00
1.895172120544829530e+00
1.883928122552514850e+00
1.895881260249802081e+00
1.718296799816511067e+00
1.691324920107702523e+00
1.721482828897120232e+00
1.767206619852697003e+00
1.769412483869284403e+00
1.734368066109693851e+00
1.694028816290992889e+00
1.736054748859693131e+00
1.833816016485100509e+00
1.798979123949414394e+00
1.837569985495935976e+00
1.812332206246485056e+00
1.818157933409521920e+00
1.779968475594132737e+00
1.801247396720395022e+00
1.784252866962066530e+00
1.967485821655337030e+00
1.935303883858001672e+00
1.966979400411467127e+00
1.958973319819688363e+00
1.958080703446877013e+00
1.927627247459979376e+00
1.935180013144827349e+00
1.927132320792808384e+00
1.816521349948664099e+00
1.791710417833754843e+00
1.812950607910361445e+00
1.893797900816130753e+00
1.892356803526537234e+00
1.861389592311029739e+00
1.788598163344981895e+00
1.860416485668667796e+00
1.807635896240157969e+00
1.959111658872382256e+00
1.808099939420389601e+00
1.702247965989001521e+00
1.699302728717269728e+00
1.792051272522133143e+00
1.957796658555180036e+00
1.787456520536883753e+00
1.732153316470310234e+00
1.789415333002758679e+00
1.732153316470310234e+00
1.732153316470310234e+00
1.732153316470310234e+00
1.789415333002758679e+00
1.789415333002758679e+00
1.789415333002758679e+00
1.912866734787725287e+00
1.803903622106352245e+00
1.912866734787725287e+00
1.912866734787725287e+00
1.912866734787725287e+00
1.803903622106352245e+00
1.803903622106352245e+00
1.803903622106352245e+00
1.911186169731521778e+00
1.903035026920570694e+00
1.916600430399656663e+00
1.973298739113408473e+00
1.974601272961926224e+00
1.963302055111211475e+00
1.908177303060445418e+00
1.964362284646828272e+00
1.884196740488955246e+00
1.871353287797443254e+00
1.884882365912265767e+00
1.840814628917710749e+00
1.837707907675998342e+00
1.829794552676585750e+00
1.872292717343642332e+00
1.827000474311814893e+00
1.831652333466681881e+00
1.819522431991021483e+00
1.831652333466681881e+00
1.679256526472858058e+00
1.679256526472858058e+00
1.672716200557808008e+00
1.819522431991021483e+00
1.672716200557808008e+00
1.730289031319174331e+00
1.725799566724242506e+00
1.730289031319174331e+00
1.918915103253659549e+00
1.918915103253659549e+00
1.909346871825800651e+00
1.725799566724242506e+00
1.909346871825800651e+00
1.900130392148348557e+00
1.783390041474568033e+00
1.901045281441099633e+00
1.900130392148348557e+00
1.901045281441099633e+00
1.783390041474568033e+00
1.781699247491922211e+00
1.781699247491922211e+00
1.747759304093134958e+00
1.822586187594692930e+00
1.744775105061645348e+00
1.747759304093134958e+00
1.744775105061645348e+00
1.822586187594692930e+00
1.817176712405435879e+00
1.817176712405435879e+00
1.799623634569389896e+00
1.875545746631643418e+00
1.798335296138532158e+00
1.789840423739430975e+00
1.789995457420020752e+00
1.862849489454716068e+00
1.877111582408625079e+00
1.866033373488881875e+00
1.805423929797667970e+00
1.847018314223532798e+00
1.802836477578357410e+00
1.736154311070094547e+00
1.732937358471545952e+00
1.766545388625432311e+00
1.843855023828166573e+00
1.762907293663948494e+00
1.960058609901842441e+00
1.840674583236030504e+00
1.959606933455908084e+00
1.875025533355690222e+00
1.872497578300869048e+00
1.781972123352950410e+00
1.841236562822468947e+00
1.780637011689877092e+00
1.828109059581297213e+00
1.890673144204137568e+00
1.827268490953100510e+00
1.860329517966375690e+00
1.860556301245855693e+00
1.931498439009165624e+00
1.889162094852927520e+00
1.931142617102092895e+00
1.721932474779078959e+00
1.734019847542585868e+00
1.722948481211532545e+00
1.876427041494673098e+00
1.876546280429252755e+00
1.898969745109301943e+00
1.735092125813470165e+00
1.899160186636525083e+00
1.947269777351490205e+00
1.789967932474545886e+00
1.939316775698267659e+00
1.853043930601357303e+00
1.837207102271802839e+00
1.734289913665132410e+00
1.789783628123421622e+00
1.726211511886788008e+00
1.857506049871503695e+00
1.873352264018441016e+00
1.858277397905228945e+00
1.885275082432847249e+00
1.885862876344821082e+00
1.902792491275231201e+00
1.874194849130693896e+00
1.903453092488212484e+00
1.833786224142765153e+00
1.860485847575438445e+00
1.833644993972171511e+00
1.839438458400172394e+00
1.839219640655950005e+00
1.866707220094505404e+00
1.860410203270618013e+00
1.866549793610446262e+00
1.780966327363013413e+00
1.755693023314862877e+00
1.781832739970594437e+00
1.823987288564739906e+00
1.823415640860753584e+00
1.794604417136199448e+00
1.756292165994214116e+00
1.793828122571921480e+00
1.924413441002927438e+00
1.901199172688623040e+00
1.924494338335769106e+00
1.869273242247418754e+00
1.870876513862461898e+00
1.850026844235088896e+00
1.901095803726375655e+00
1.851409780232758928e+00
1.797081995115430431e+00
1.730223558921767824e+00
1.809651405395651835e+00
1.797081995115430431e+00
1.809651405395651835e+00
1.730223558921767824e+00
1.739163424516652068e+00
1.739163424516652068e+00
1.859431159356701668e+00
1.924029388333313495e+00
1.858644531156447455e+00
1.859431159356701668e+00
1.858644531156447455e+00
1.924029388333313495e+00
1.922141928462554050e+00
1.922141928462554050e+00
1.857633565983864088e+00
1.973795056791461944e+00
1.857815968328163425e+00
1.857633565983864088e+00
1.857815968328163425e+00
1.973795056791461944e+00
1.973640538393680810e+00
1.973640538393680810e+00
1.908587354412925485e+00
1.846767708779870176e+00
1.908107800691305478e+00
1.908587354412925485e+00
1.908107800691305478e+00
1.846767708779870176e+00
1.846508515564273978e+00
1.846508515564273978e+00
1.892792357792589364e+00
1.914967267414544150e+00
1.893391182249540616e+00
1.816583365468112721e+00
1.821455832250959528e+00
1.833324298380782924e+00
1.916038649822418449e+00
1.838706914356468491e+00
1.737126532023248515e+00
1.761105572360829097e+00
1.733883876399279433e+00
1.786710840123949984e+00
1.788425285476544335e+00
1.816133299535382717e+00
1.757057352178382770e+00
1.817227024953584902e+00
1.758062746383708408e+00
1.819213682700834944e+00
1.758881101636415645e+00
1.778497289983010932e+00
1.777945057892848846e+00
1.844954514982234617e+00
1.821333116448036193e+00
1.845577974536912969e+00
1.900835113407572496e+00
1.956977482400789059e+00
1.901014810163121904e+00
1.775501521222179857e+00
1.766128884023027812e+00
1.809523663038026475e+00
1.955492490822827722e+00
1.798536083601317781e+00
1.814968813184325125e+00
1.721689620894127692e+00
1.812931485419621236e+00
1.884098435868988952e+00
1.882753210819938960e+00
1.767928200169220698e+00
1.720513676551622018e+00
1.767484719581766006e+00
1.835380528360496921e+00
1.895925144420745223e+00
1.835407694432416692e+00
1.847444930200823787e+00
1.847786179641118354e+00
1.910926213483263858e+00
1.895607061500104162e+00
1.910955879747981090e+00
1.869252338853514050e+00
1.926221000880117717e+00
1.869050027627277011e+00
1.867139009012160678e+00
1.867179909013023442e+00
1.923673201725552673e+00
1.927708257769208178e+00
1.925424675794780383e+00
1.881345704581179223e+00
1.778579934829881859e+00
1.876330372694910764e+00
1.871597308452673358e+00
1.866279630882321960e+00
1.771958174133771768e+00
1.776088329152841538e+00
1.769157769300103489e+00
1.888754667511860497e+00
1.934309202708633046e+00
1.889628271910084312e+00
1.884331101189641977e+00
1.885280071971768834e+00
1.929170211740297347e+00
1.935553805195133314e+00
1.930490768271961421e+00
1.673982619754240009e+00
1.708741982333674692e+00
1.675700087471186706e+00
1.825327550470014604e+00
1.824748004036270910e+00
1.893224896252740930e+00
1.710793678174262977e+00
1.892954830900768215e+00
1.817466062949771644e+00
1.804123054774425361e+00
1.817089933376560218e+00
1.831795149792315724e+00
1.832522381425399249e+00
1.817766692866515488e+00
1.803989034039547246e+00
1.818711720686656763e+00
1.784062965933237876e+00
1.777604243985051236e+00
1.777983501044887005e+00
1.867181444714956395e+00
1.863263719727248358e+00
1.858216590623642306e+00
1.771697748951196694e+00
1.854514028393160041e+00
1.971158978206962953e+00
1.873149612341508341e+00
1.973511872914978982e+00
1.770291633976241341e+00
1.782255581397717226e+00
1.719572985108156260e+00
1.872547335750188502e+00
1.729082912271055372e+00
1.833629134630828439e+00
1.897191697896072116e+00
1.830658567911422896e+00
1.864048727006959671e+00
1.862730006227637958e+00
1.935867738251138004e+00
1.892667059745718250e+00
1.933039588608906012e+00
1.778283407445926168e+00
1.836136273898627991e+00
1.782226310263172575e+00
1.865650377166886864e+00
1.864835505655958903e+00
1.947433671564804403e+00
1.841704771406541097e+00
1.948035487785037212e+00
1.942576786682265633e+00
1.839683505747950587e+00
1.944032391107747948e+00
1.906795674013877395e+00
1.910077568880328203e+00
1.814243965095323485e+00
1.839333958324382401e+00
1.815526862639765149e+00
1.872145436830338294e+00
1.861905456837294359e+00
1.874564569869533015e+00
1.805488926340387046e+00
1.810465897361200671e+00
1.797448735388710972e+00
1.864097045264227370e+00
1.802200038340004085e+00
1.807773717136488267e+00
1.792205224426004051e+00
1.810785001827372342e+00
1.795808812238574248e+00
1.797007210796233601e+00
1.780901293333297719e+00
1.795527027462153313e+00
1.782465026610362546e+00
1.705269654028431559e+00
1.813455394572720758e+00
1.709416126616616349e+00
1.765329453984990193e+00
1.766240432365053792e+00
1.911230200494444365e+00
1.821110766478641674e+00
1.915933285350194248e+00
1.887495713999078450e+00
1.864322494446509548e+00
1.885667733641772648e+00
1.906663985767796277e+00
1.906909554217686598e+00
1.881961461380106559e+00
1.863146443527650131e+00
1.882789280859378911e+00
1.885203172261428861e+00
1.867978679733967917e+00
1.884464678864792742e+00
1.928987504947031084e+00
1.928595664811010746e+00
1.909119815751822768e+00
1.867315649104431596e+00
1.908801957792142900e+00
1.854917967701396941e+00
1.827326725896682769e+00
1.855055354860407846e+00
1.758876045789658171e+00
1.758173132077789802e+00
1.739457764879384305e+00
1.827529897733008113e+00
1.738840827181640680e+00
1.873170620303742817e+00
1.793358644123601131e+00
1.873411694578791753e+00
1.811118847192725312e+00
1.815193915387677048e+00
1.745701949411052833e+00
1.792095075745455457e+00
1.747946309273461951e+00
1.874801319124238752e+00
1.826657544999920280e+00
1.866467711356620152e+00
1.963430555135476929e+00
1.960900707311346691e+00
1.899383986389539647e+00
1.820232795167999740e+00
1.898670012427742471e+00
1.934976044138445594e+00
1.860724832069899470e+00
1.934989748683505484e+00
1.896840285479807209e+00
1.896446813747446614e+00
1.830716831404438194e+00
1.860929622529560401e+00
1.830552319302572117e+00
1.803102099723748797e+00
1.915333415391543559e+00
1.803036405897609384e+00
1.684296437030159854e+00
1.683473177812622623e+00
1.746536322304264921e+00
1.914910036005642358e+00
1.745438711922290942e+00
1.817593737142821686e+00
1.896876358920390970e+00
1.816334521444829431e+00
1.742148605293665220e+00
1.744699095355198182e+00
1.800421785768020921e+00
1.896656031729465397e+00
1.804282419404848792e+00
1.873892679097583169e+00
1.755337918550963661e+00
1.876055459997931329e+00
1.905821878563440652e+00
1.906499336631116925e+00
1.775721657833053690e+00
1.755532010452232949e+00
1.774680472490936634e+00
1.943025714051211494e+00
1.923324221126617939e+00
1.944695485051750605e+00
1.965434062867009501e+00
1.965942530388724130e+00
1.944310807254863604e+00
1.924651115272688617e+00
1.944504959137994593e+00
1.781011279749133536e+00
1.761357325984417077e+00
1.773256617538102375e+00
1.836677127000290621e+00
1.833633311178181735e+00
1.812504244918959673e+00
1.754527010881015370e+00
1.810352131875135662e+00
1.788141683333127618e+00
1.809784444710915707e+00
1.786868671035919620e+00
1.721141074061686371e+00
1.718659596946625623e+00
1.737504115337692667e+00
1.808253669753638437e+00
1.734789179479159227e+00
1.935352053689976870e+00
1.956418247956651202e+00
1.935025731925207992e+00
1.916670206196827708e+00
1.915756580133524789e+00
1.936401308405761856e+00
1.955905878557099520e+00
1.935287549708875066e+00
1.729036553495764128e+00
1.684274055218333288e+00
1.741915280113166098e+00
1.891349441588613178e+00
1.891148236778541936e+00
1.812927367395929634e+00
1.694318827661895899e+00
1.810124036115940971e+00
1.766013580350331846e+00
1.891374791157176549e+00
1.766243004151678120e+00
1.744491131324882094e+00
1.743988485745639139e+00
1.857834996640241654e+00
1.890465299376876462e+00
1.856091249790922104e+00
