1.610088690602140993e+00
1.718048870672262751e+00
1.610301879578571738e+00
1.580200913540754648e+00
1.581471058726973578e+00
1.673576808500497837e+00
1.719919391818747423e+00
1.676540468474775558e+00
1.626377448487086097e+00
1.606211841923258277e+00
1.617844651408468781e+00
1.692258079918445013e+00
1.689263730450800693e+00
1.666208343769006728e+00
1.598804903122590826e+00
1.664339532369535135e+00
1.683365300005546628e+00
1.664087473319981747e+00
1.685974729115295334e+00
1.697785751021259504e+00
1.700028124572537047e+00
1.677467812399378699e+00
1.666333644463298125e+00
1.679345058623448406e+00
1.523916669977555927e+00
1.507100832880122754e+00
1.527199814471463135e+00
1.568766664713613146e+00
1.571494757083916838e+00
1.548038735246115571e+00
1.510041567084929426e+00
1.550367159809868056e+00
1.625602464850345097e+00
1.603326764873240329e+00
1.632207074694257631e+00
1.603977819470576716e+00
1.611994251333101147e+00
1.583511184850107778e+00
1.608685663016065082e+00
1.590312153953769680e+00
1.735123033670621373e+00
1.714023612343955616e+00
1.733361314279634691e+00
1.725605612648644982e+00
1.723546136482721813e+00
1.705186350670249595e+00
1.712602554177661496e+00
1.703469178934859496e+00
1.597437160837391179e+00
1.581954296148064820e+00
1.593656259459253155e+00
1.671929580541874127e+00
1.669479336448273177e+00
1.651104141839009332e+00
1.578507416807406916e+00
1.649037310258127276e+00
1.623042852403960179e+00
1.722439051207332206e+00
1.622295005864573092e+00
1.514548098232065598e+00
1.511425466556068242e+00
1.570760705909239885e+00
1.720101289775974873e+00
1.566514969793494583e+00
1.537930335041660435e+00
1.573504239504272872e+00
1.537930335041660435e+00
1.537930335041660435e+00
1.537930335041660435e+00
1.573504239504272872e+00
1.573504239504272872e+00
1.573504239504272872e+00
1.689563413649904700e+00
1.618178440778286653e+00
1.689563413649904700e+00
1.689563413649904700e+00
1.689563413649904700e+00
1.618178440778286653e+00
1.618178440778286653e+00
1.618178440778286653e+00
1.673377109818155350e+00
1.668244411559400397e+00
1.679893877863579021e+00
1.736629065128356020e+00
1.740277320977771991e+00
1.730129895300495324e+00
1.674563527221443859e+00
1.733566826818805584e+00
1.680513157614373476e+00
1.671917842984402380e+00
1.678674707824911572e+00
1.631639946861314083e+00
1.626885172791760814e+00
1.624561036838302552e+00
1.670325371500776868e+00
1.620057805768119419e+00
1.629304938781507062e+00
1.621455069518381364e+00
1.629304938781507062e+00
1.488722277253773818e+00
1.488722277253773818e+00
1.484647943255289038e+00
1.621455069518381364e+00
1.484647943255289038e+00
1.523491521565736750e+00
1.520602617764790887e+00
1.523491521565736750e+00
1.688183990644372745e+00
1.688183990644372745e+00
1.682054078697791333e+00
1.520602617764790887e+00
1.682054078697791333e+00
1.682658584828096604e+00
1.605863021601680485e+00
1.686003116705986571e+00
1.682658584828096604e+00
1.686003116705986571e+00
1.605863021601680485e+00
1.606740092681547605e+00
1.606740092681547605e+00
1.561463776211951870e+00
1.608843289039822322e+00
1.556920916776523667e+00
1.561463776211951870e+00
1.556920916776523667e+00
1.608843289039822322e+00
1.602433561733337175e+00
1.602433561733337175e+00
1.613757071548703514e+00
1.663365639228936654e+00
1.616423362772393180e+00
1.602435770614510702e+00
1.606293189971064406e+00
1.649664288426498704e+00
1.668678089909437778e+00
1.656199097512276008e+00
1.589334074820830223e+00
1.615299040138411968e+00
1.586620750815209924e+00
1.530534800619064661e+00
1.527542164337468034e+00
1.549776476705483574e+00
1.612198928975169476e+00
1.546513249265980994e+00
1.728465077303096509e+00
1.649663445514860438e+00
1.727071956090391769e+00
1.643021734218731655e+00
1.640235295487975531e+00
1.584440992543907578e+00
1.649209638911076414e+00
1.582540744035031199e+00
1.624867644415397772e+00
1.664912968538592608e+00
1.623342009864631619e+00
1.661512341194193887e+00
1.660822362807961250e+00
1.708492988605512242e+00
1.662853482342429912e+00
1.707267453915459532e+00
1.520978004515211479e+00
1.528547867044987019e+00
1.521937906129131601e+00
1.666002660444349637e+00
1.666410304669246667e+00
1.680664283075096410e+00
1.529545384594673596e+00
1.681133688447336016e+00
1.708902817758984005e+00
1.606538350076285315e+00
1.697927962905826815e+00
1.621266307658806083e+00
1.605730338268139157e+00
1.546741119689273525e+00
1.602082804822235529e+00
1.536686679942530720e+00
1.631273673040949168e+00
1.641174486277885647e+00
1.632151620759225041e+00
1.657708220465727855e+00
1.658473648919273291e+00
1.668745374610246301e+00
1.642103259292500894e+00
1.669566913480116099e+00
1.643254150450628392e+00
1.661059717898909049e+00
1.643419816467179384e+00
1.650379319360038011e+00
1.650475478917160288e+00
1.668692466753287640e+00
1.661289665076667088e+00
1.668851463682616609e+00
1.587814679795894968e+00
1.571566589283255322e+00
1.589362805751779240e+00
1.636591031494183390e+00
1.637002524199048903e+00
1.616859997742788213e+00
1.572889857209366138e+00
1.617059113717140395e+00
1.705527631260395527e+00
1.690211950351583781e+00
1.706506313768028749e+00
1.646820939993810740e+00
1.648912282512673855e+00
1.634603812165776882e+00
1.691019092370628307e+00
1.636528082592714650e+00
1.573703874325928620e+00
1.532115306540408728e+00
1.585517260010366414e+00
1.573703874325928620e+00
1.585517260010366414e+00
1.532115306540408728e+00
1.541469850965145216e+00
1.541469850965145216e+00
1.652723927292733652e+00
1.694493088885162591e+00
1.650528485273544010e+00
1.652723927292733652e+00
1.650528485273544010e+00
1.694493088885162591e+00
1.691380864201809331e+00
1.691380864201809331e+00
1.661704754706843534e+00
1.738192550330859731e+00
1.661537487586270512e+00
1.661704754706843534e+00
1.661537487586270512e+00
1.738192550330859731e+00
1.737715793809318177e+00
1.737715793809318177e+00
1.678959387313173623e+00
1.639335230826889589e+00
1.678278857594485363e+00
1.678959387313173623e+00
1.678278857594485363e+00
1.639335230826889589e+00
1.638831853826134388e+00
1.638831853826134388e+00
1.678696373063233604e+00
1.693123141000973275e+00
1.681347656606588803e+00
1.601402632890585709e+00
1.606997857477120206e+00
1.611862371447709830e+00
1.696190340513924699e+00
1.617823883108605809e+00
1.553886090017902344e+00
1.569197083863119735e+00
1.548995199226159247e+00
1.610507861556759623e+00
1.609477851129707204e+00
1.630321865954326155e+00
1.563666673471429291e+00
1.628659747365237775e+00
1.574957762828837593e+00
1.614198654205726946e+00
1.577334602411144537e+00
1.598195476722134245e+00
1.599482901600703499e+00
1.641712665825350026e+00
1.617670940782752087e+00
1.644088988624412773e+00
1.690502193442995349e+00
1.727466206196546672e+00
1.687393877166371681e+00
1.565474340540080167e+00
1.556012275120806088e+00
1.586712294416756652e+00
1.722871692953565903e+00
1.576179493843688384e+00
1.592228940785298974e+00
1.534020322029764127e+00
1.590206698411320563e+00
1.654723212384749953e+00
1.653085153631659754e+00
1.580786927628342164e+00
1.532606538105684590e+00
1.579856123964264558e+00
1.640371996304607283e+00
1.680148594505775250e+00
1.639821824522690985e+00
1.655144145079474161e+00
1.654863624441180292e+00
1.697491170136251615e+00
1.679287093472119352e+00
1.696908242908117259e+00
1.664008335963921059e+00
1.701138546082967107e+00
1.666897324223916010e+00
1.661550594353705668e+00
1.664643024622057155e+00
1.698360297049554379e+00
1.705549111426842401e+00
1.702974734162042481e+00
1.648090326369775482e+00
1.583228209529578656e+00
1.642611925009671126e+00
1.639234009939852132e+00
1.633589342607463912e+00
1.576524000207613074e+00
1.579630187670042263e+00
1.572719970332817407e+00
1.664746320987119166e+00
1.693577954008199660e+00
1.666088323227294055e+00
1.660250783051870016e+00
1.661646092171667144e+00
1.688604591710698211e+00
1.695207910511284055e+00
1.690283510458398641e+00
1.488780761909563877e+00
1.510483398905182906e+00
1.490471234369378895e+00
1.641744232529964709e+00
1.641817081747322105e+00
1.687324195309529262e+00
1.512392905167800672e+00
1.687715023901807943e+00
1.624111117036154184e+00
1.615341464636542934e+00
1.621960415817482293e+00
1.641085073234232361e+00
1.639835055874874215e+00
1.631723545332077308e+00
1.613410707662785271e+00
1.630688518725384784e+00
1.568623890743714888e+00
1.564586045548860938e+00
1.562791217164493762e+00
1.642845192559340362e+00
1.638147440277484490e+00
1.637178335490366177e+00
1.558869338496727153e+00
1.632644969133286716e+00
1.732056966994259595e+00
1.668219358693947996e+00
1.737281533289959157e+00
1.551920092869055079e+00
1.562793579566159163e+00
1.520130041010236521e+00
1.670807112238225978e+00
1.529352137258030542e+00
1.622491017228993471e+00
1.662669187058535281e+00
1.618435104532198743e+00
1.654396287478408389e+00
1.651495259970492624e+00
1.700651432183313050e+00
1.657457179155327420e+00
1.696517879745560453e+00
1.573866909310316142e+00
1.609925888592754983e+00
1.578536972311639364e+00
1.665328906852946211e+00
1.666552891374058598e+00
1.718971054494765394e+00
1.615739771201931685e+00
1.721505618556549599e+00
1.711188902753184360e+00
1.643977814232170154e+00
1.714249403644903857e+00
1.674375982845611954e+00
1.678714835759349100e+00
1.615235445383645274e+00
1.645421732413653526e+00
1.617966171117166674e+00
1.652695803367490557e+00
1.646175309378265617e+00
1.656429345555019417e+00
1.589286473157804469e+00
1.594602522242376974e+00
1.584275582376246216e+00
1.649726572015050685e+00
1.589436619892200975e+00
1.630230471789518409e+00
1.619574405295260089e+00
1.629981303329440134e+00
1.614812827467300371e+00
1.612944002631746976e+00
1.604789844728994108e+00
1.619669397552418566e+00
1.603287391792364236e+00
1.520122207110802481e+00
1.587545343133398568e+00
1.524984173428836964e+00
1.580769720513060195e+00
1.583452285062024956e+00
1.673750261201716993e+00
1.594851713229591628e+00
1.679481075529735357e+00
1.673191392495716912e+00
1.658062619695821693e+00
1.668924728547555247e+00
1.695406963208679896e+00
1.692779679519875735e+00
1.678951709602014564e+00
1.654360917309914747e+00
1.676874206184009175e+00
1.653606710681616576e+00
1.642809562508837029e+00
1.652731714098614635e+00
1.696990205928136319e+00
1.696340517661462322e+00
1.684270975097787115e+00
1.641989881378955296e+00
1.683681019539653878e+00
1.658972536636180495e+00
1.640478814095672089e+00
1.658788433797025563e+00
1.558490376108628617e+00
1.557704191873811705e+00
1.546332196584804031e+00
1.640360808400307846e+00
1.545609142782037093e+00
1.665334278582676131e+00
1.612661061110816751e+00
1.667726516611705456e+00
1.600823007193777237e+00
1.605937520442519251e+00
1.559464740098047475e+00
1.613606120439648350e+00
1.563153045281519882e+00
1.641049293608708437e+00
1.610888498547871750e+00
1.632302415959755448e+00
1.727983942744863555e+00
1.722956092816431140e+00
1.686175446957547397e+00
1.603502608759647785e+00
1.682716850158235022e+00
1.714856350514460281e+00
1.665467905774874913e+00
1.714540590247905616e+00
1.672779896462575300e+00
1.672155330380108218e+00
1.630192288009973289e+00
1.665336420452566468e+00
1.629757722051432989e+00
1.613126867638831285e+00
1.685878961764478934e+00
1.612799681541617680e+00
1.497500190836677847e+00
1.496686235271425192e+00
1.536707463480758928e+00
1.685248602079607583e+00
1.535704979154172367e+00
1.633177889141924410e+00
1.685754709575555843e+00
1.633630550238828860e+00
1.551048672259780492e+00
1.554392478879724537e+00
1.587495195633027212e+00
1.687224511517372960e+00
1.591806688413433424e+00
1.653295360080295762e+00
1.576784753858479160e+00
1.656477397619640746e+00
1.687194302558717052e+00
1.689293139556173662e+00
1.601156697196828294e+00
1.578290946102750336e+00
1.601618259600979144e+00
1.708525283195090338e+00
1.695856250080646888e+00
1.711493179053527047e+00
1.732923920122861672e+00
1.735011829287990803e+00
1.719124308213096697e+00
1.698542003844402348e+00
1.720931909463883080e+00
1.576669195181936711e+00
1.564308040520313359e+00
1.567870390654185320e+00
1.632573561808671414e+00
1.626836435998818331e+00
1.616894241902950391e+00
1.556202161391510685e+00
1.611909190900795874e+00
1.589785024393941537e+00
1.603504485916328104e+00
1.587928142805322906e+00
1.526523909355939068e+00
1.523951089675520620e+00
1.536695814929889270e+00
1.601443504379260752e+00
1.533962519487184206e+00
1.711797581140479529e+00
1.725577077620784383e+00
1.710599391043109874e+00
1.691083973309259969e+00
1.689440387840136282e+00
1.703786829501052980e+00
1.724216111956902386e+00
1.701980085064614734e+00
1.525836722618191477e+00
1.498062726516534937e+00
1.538164118561849314e+00
1.679995459043592376e+00
1.683871940411743928e+00
1.628163890729801944e+00
1.508467633696734866e+00
1.629492982358472730e+00
1.589874677308390272e+00
1.671896853986886811e+00
1.589236477926894153e+00
1.565100808911628505e+00
1.563884779462237695e+00
1.637664762252173389e+00
1.670240936025683798e+00
1.635444208850754144e+00
