1.616499406435115915e+00
1.740572273865629960e+00
1.615908020586161120e+00
1.597178528756948879e+00
1.597538134735791093e+00
1.707813462795589876e+00
1.741358182732278603e+00
1.709760134745016646e+00
1.657850498038298426e+00
1.633750283085503519e+00
1.652138265190012500e+00
1.704168914468448204e+00
1.704124813502142510e+00
1.674647038013004297e+00
1.629161027919261429e+00
1.675515422315392744e+00
1.713151519666999967e+00
1.690240126719038560e+00
1.714672968934778385e+00
1.723723114758926922e+00
1.724855062859258492e+00
1.699811966842500688e+00
1.691419283058195777e+00
1.700612001040487931e+00
1.563902711766449460e+00
1.543263989480043286e+00
1.566544995729080902e+00
1.601952533952786473e+00
1.603858021793957089e+00
1.576903485244620651e+00
1.545531080656223022e+00
1.578399875784564976e+00
1.652773894118575670e+00
1.626276617041892525e+00
1.656368977967384470e+00
1.636174988992452395e+00
1.641338521616708679e+00
1.611525194573176112e+00
1.628709625503718117e+00
1.615493015704018154e+00
1.755181350043555799e+00
1.730789238326482238e+00
1.754529487363656326e+00
1.748680080092023914e+00
1.747736687779072096e+00
1.724909499817357528e+00
1.730432512579045845e+00
1.724272002467612808e+00
1.639220464962506174e+00
1.620295551382607169e+00
1.636251210463088857e+00
1.698785997851747664e+00
1.697425092352272236e+00
1.674170313332964621e+00
1.617678915815782936e+00
1.673170928925445722e+00
1.633849638360545864e+00
1.748962327229314218e+00
1.633984188837858120e+00
1.551718932447845090e+00
1.549261651192340494e+00
1.620456693142767968e+00
1.747708236618075617e+00
1.616743587139054084e+00
1.574508706430009841e+00
1.618218508919543108e+00
1.574508706430009841e+00
1.574508706430009841e+00
1.574508706430009841e+00
1.618218508919543108e+00
1.618218508919543108e+00
1.618218508919543108e+00
1.713770141361483867e+00
1.630901348884225666e+00
1.713770141361483867e+00
1.713770141361483867e+00
1.713770141361483867e+00
1.630901348884225666e+00
1.630901348884225666e+00
1.630901348884225666e+00
1.711927238392420225e+00
1.705730276181047333e+00
1.716525951956697549e+00
1.759491745490218584e+00
1.760993116763850175e+00
1.751919253746204275e+00
1.710127269295024899e+00
1.753233487255718037e+00
1.692402909094777197e+00
1.682640364874272931e+00
1.692445469234355571e+00
1.658890590877699189e+00
1.656056887983301307e+00
1.650509930002975967e+00
1.682883499795117643e+00
1.647917701989038086e+00
1.651550673199905006e+00
1.642318378850807115e+00
1.651550673199905006e+00
1.533254200705951309e+00
1.533254200705951309e+00
1.528224996641696531e+00
1.642318378850807115e+00
1.528224996641696531e+00
1.572856797418486607e+00
1.569378299469771587e+00
1.572856797418486607e+00
1.718353337930935254e+00
1.718353337930935254e+00
1.711086439578906937e+00
1.569378299469771587e+00
1.711086439578906937e+00
1.703558347240066828e+00
1.614794182382343068e+00
1.704771518827435717e+00
1.703558347240066828e+00
1.704771518827435717e+00
1.614794182382343068e+00
1.613940351062070455e+00
1.613940351062070455e+00
1.587298500607401186e+00
1.644337366317037308e+00
1.584572581101655775e+00
1.587298500607401186e+00
1.584572581101655775e+00
1.644337366317037308e+00
1.639729471322315613e+00
1.639729471322315613e+00
1.627127411510538302e+00
1.684853949430674458e+00
1.626864569253147597e+00
1.619541806739095868e+00
1.620381784430850569e+00
1.675079979425018628e+00
1.686847648354644846e+00
1.678299104670781805e+00
1.630943330572316885e+00
1.662673994221419704e+00
1.628798139751590046e+00
1.577315318125487087e+00
1.574713288101810216e+00
1.600693279983549377e+00
1.660089168951594418e+00
1.597763260220929737e+00
1.749372463786551979e+00
1.658775324471838619e+00
1.748825867829546077e+00
1.684127614696641739e+00
1.682018803209583968e+00
1.613298332873494889e+00
1.659021387970294192e+00
1.612101684083036446e+00
1.649203918382080580e+00
1.696786101110340006e+00
1.648391478311772573e+00
1.674121478506301219e+00
1.674120663538785747e+00
1.728172230476319626e+00
1.695455804170387770e+00
1.727716317404729862e+00
1.566346890693345317e+00
1.575588752582322671e+00
1.567172852100865654e+00
1.685907229306452315e+00
1.686059634524179618e+00
1.703029287834052052e+00
1.576456064839413918e+00
1.703237077859615756e+00
1.740060707635202375e+00
1.620412111474266226e+00
1.733060615173109165e+00
1.667601481092702453e+00
1.654662211988816356e+00
1.576987162795715935e+00
1.619438575674289948e+00
1.569995383372301712e+00
1.670686427297152665e+00
1.682731421192552146e+00
1.671335612766783996e+00
1.692058623901869119e+00
1.692570277301790771e+00
1.705376030978046131e+00
1.683434313946403638e+00
1.705943411756253747e+00
1.653812223627795230e+00
1.674125453572641309e+00
1.653760213107014820e+00
1.658179916949845900e+00
1.658068698078257963e+00
1.678920548040819583e+00
1.674125685320022150e+00
1.678858633161151692e+00
1.612644605453285251e+00
1.593361636936672987e+00
1.613478641967054372e+00
1.645985029029327418e+00
1.645723425993992795e+00
1.623600255066910414e+00
1.593985120707309466e+00
1.623172109882543790e+00
1.722773800722499526e+00
1.705152509681146844e+00
1.723016484110884372e+00
1.680340669147319499e+00
1.681734593476484685e+00
1.665696021735208365e+00
1.705251501034865225e+00
1.666922285352371524e+00
1.623828352453903889e+00
1.572692504690474502e+00
1.634024819133752526e+00
1.623828352453903889e+00
1.634024819133752526e+00
1.572692504690474502e+00
1.580135478539199001e+00
1.580135478539199001e+00
1.672999471495721258e+00
1.722058135391597800e+00
1.672090335304873943e+00
1.672999471495721258e+00
1.672090335304873943e+00
1.722058135391597800e+00
1.720299596366815953e+00
1.720299596366815953e+00
1.671509370356800250e+00
1.759598729222687563e+00
1.671584869551529184e+00
1.671509370356800250e+00
1.671584869551529184e+00
1.759598729222687563e+00
1.759411876819532372e+00
1.759411876819532372e+00
1.710311937336226329e+00
1.663330931121007383e+00
1.709885743809973713e+00
1.710311937336226329e+00
1.709885743809973713e+00
1.663330931121007383e+00
1.663073982282511576e+00
1.663073982282511576e+00
1.698325108501328895e+00
1.715154491695720651e+00
1.699209913732279364e+00
1.639522756079334398e+00
1.643638361028968209e+00
1.652260015903074475e+00
1.716405716039278939e+00
1.656770885332340182e+00
1.579359553797843319e+00
1.597673929209199484e+00
1.576407680064279004e+00
1.618030972936873368e+00
1.618868964843938718e+00
1.640485166894612767e+00
1.594090217399926512e+00
1.640819090676642666e+00
1.595109157072767125e+00
1.641694131520860189e+00
1.596068430587327835e+00
1.610995315521670523e+00
1.610906161243050860e+00
1.661585493210722797e+00
1.643675556208129329e+00
1.662431653960839917e+00
1.704734348681279599e+00
1.747317294860994519e+00
1.704223471596130635e+00
1.607898049151522457e+00
1.600169844896095928e+00
1.633872880472791778e+00
1.745517394077712670e+00
1.624926741502313421e+00
1.637947065942416458e+00
1.566759387691066152e+00
1.636279280861285157e+00
1.691224865189228321e+00
1.690074252940355404e+00
1.602806586080128604e+00
1.565750481322048415e+00
1.602353879293963335e+00
1.655050171662406644e+00
1.701088103588463074e+00
1.654958737743348340e+00
1.664376141669586140e+00
1.664524004180429451e+00
1.712623177891046566e+00
1.700726247687359916e+00
1.712524892909124574e+00
1.680308781813241170e+00
1.723542180296605775e+00
1.680759754349606006e+00
1.678683160337411051e+00
1.679318696174143977e+00
1.721587054072972744e+00
1.725308930842668786e+00
1.723553566444482987e+00
1.689286905543797790e+00
1.611023162887140980e+00
1.685109987783954377e+00
1.681791430228261497e+00
1.677390267483294561e+00
1.605869646638631965e+00
1.608781740271293170e+00
1.603391822906737207e+00
1.694616323493136401e+00
1.729197986897052619e+00
1.695413958080423722e+00
1.691215202633108650e+00
1.692069900757525058e+00
1.725268534678589205e+00
1.730279108890417916e+00
1.726407496059105817e+00
1.529487173799268351e+00
1.556132548961101314e+00
1.530897867481449071e+00
1.647256662694950968e+00
1.646926380680240776e+00
1.698872194646559919e+00
1.557800627892123480e+00
1.698789976121443335e+00
1.640952286904712398e+00
1.630789086788314357e+00
1.640303118624205414e+00
1.652033589071101538e+00
1.652224497684938065e+00
1.641350881087711322e+00
1.630331816586426008e+00
1.641716011338094194e+00
1.614529550253465118e+00
1.609586314014839203e+00
1.609570647343758321e+00
1.678758467257936982e+00
1.675420941503079186e+00
1.671939624134765934e+00
1.604759419745409144e+00
1.668773522574472867e+00
1.757563741196033202e+00
1.683239321210826756e+00
1.760007735012348640e+00
1.603274316133173727e+00
1.612907354838041485e+00
1.564382413699442420e+00
1.683393332893641237e+00
1.572178667922851769e+00
1.653070935776611350e+00
1.701424173023970088e+00
1.650445692089821392e+00
1.676592287605018328e+00
1.675220133134725398e+00
1.731137483898275153e+00
1.697614204511845859e+00
1.728603004028584911e+00
1.609924338569245439e+00
1.654014148036095033e+00
1.613294117934540139e+00
1.677469092233290660e+00
1.677226071907977456e+00
1.739492716784140303e+00
1.658613293305682745e+00
1.740355259515817821e+00
1.736232588805759036e+00
1.658087177088700681e+00
1.737713223128448448e+00
1.708780346880856893e+00
1.711638911519973716e+00
1.638403310182555028e+00
1.658161110176290531e+00
1.639720454142431283e+00
1.682237064662769122e+00
1.674460853820823658e+00
1.684451070887833524e+00
1.630791698156019542e+00
1.634930787585112899e+00
1.624662716449459143e+00
1.676496596804994965e+00
1.628633657893786335e+00
1.634131111487900245e+00
1.622247372919180641e+00
1.635878600666447635e+00
1.624860291031654747e+00
1.625224217762982981e+00
1.613472837078655076e+00
1.624252056519426057e+00
1.614133238513673518e+00
1.554010397831852908e+00
1.636643088723006123e+00
1.557543949839733433e+00
1.600856102091426703e+00
1.601930120232285981e+00
1.711874596583048636e+00
1.642879609230186277e+00
1.715886442414772839e+00
1.694627403900243579e+00
1.677013274314024915e+00
1.692679326263847983e+00
1.709371782297720355e+00
1.708995450132799743e+00
1.690610135924071722e+00
1.675571998832758425e+00
1.690690225000804459e+00
1.691774179200731254e+00
1.678679053060377013e+00
1.691146592843967511e+00
1.725375516919101848e+00
1.725009360148393789e+00
1.710308685964823106e+00
1.678109027052576030e+00
1.709999348712518241e+00
1.669804779509228343e+00
1.648809821314736634e+00
1.669850308134789518e+00
1.595336015224467552e+00
1.594743732579078532e+00
1.580514305368148520e+00
1.648908063419948444e+00
1.579988366146412915e+00
1.683232508496067759e+00
1.622516444781257228e+00
1.683850474858617829e+00
1.635305612114630991e+00
1.638829810649917951e+00
1.585458164982326501e+00
1.621935989092313513e+00
1.587559729095666450e+00
1.684201068768203413e+00
1.647522074951065063e+00
1.677319621456207166e+00
1.752241177845843989e+00
1.749727252827326662e+00
1.703652462164495951e+00
1.642097866152802510e+00
1.702537709067965199e+00
1.730510383137372710e+00
1.674154779382682090e+00
1.730455604200224595e+00
1.701245341842661851e+00
1.700882845801342080e+00
1.650990923932762033e+00
1.674250212799579085e+00
1.650805530361270534e+00
1.630367095987337311e+00
1.715748602998304673e+00
1.630263798469905989e+00
1.537733459366591671e+00
1.537057138631340525e+00
1.585527723672111255e+00
1.715367072408555682e+00
1.584638778616889843e+00
1.640904063855096240e+00
1.701130761304574968e+00
1.640239402843376659e+00
1.582354810617200069e+00
1.584592748972976306e+00
1.626772374235399443e+00
1.701292101961070946e+00
1.630019001066448148e+00
1.683743065141181772e+00
1.593443943066108481e+00
1.685690634171329805e+00
1.708315662448581573e+00
1.709138221636405497e+00
1.609306789181948805e+00
1.593847641091671763e+00
1.608763674731013449e+00
1.736254770540724079e+00
1.721306491577353714e+00
1.737849189022513396e+00
1.753379442214602069e+00
1.754097100638289941e+00
1.737377339132528675e+00
1.722638981961913007e+00
1.737852731393890737e+00
1.612541037144684442e+00
1.597548017103276097e+00
1.605985966283741018e+00
1.655732987787330357e+00
1.652746891694354403e+00
1.637327558250607495e+00
1.591719299258316678e+00
1.635038520989458677e+00
1.618080253139443592e+00
1.634580104876860229e+00
1.616930946549234971e+00
1.565992512720193908e+00
1.563932301356533827e+00
1.578488577561852679e+00
1.633229915144078337e+00
1.576250243329301082e+00
1.731156909502323371e+00
1.747128925016946610e+00
1.730724230172295153e+00
1.716808051239790522e+00
1.715931188093183568e+00
1.731788269645764711e+00
1.746552936575854087e+00
1.730757679927571679e+00
1.571605338991729939e+00
1.537352841861085562e+00
1.582120917545803085e+00
1.697023946414946138e+00
1.697674460997675716e+00
1.637423943098871515e+00
1.545685675743477372e+00
1.636003393448312693e+00
1.601864809822738378e+00
1.697327047850502701e+00
1.601884020030407862e+00
1.585081066309165898e+00
1.584539973037716987e+00
1.671469890009986026e+00
1.696448769675910739e+00
1.669959448072507513e+00
