1.684457436294928723e+00
1.816073715780155640e+00
1.684103453005683093e+00
1.656569862416774175e+00
1.657382693541360474e+00
1.771911476758567305e+00
1.817456236265347691e+00
1.774601408843759387e+00
1.716631357476866793e+00
1.691655584380183930e+00
1.708823729959172866e+00
1.780561658432854077e+00
1.779261987361256070e+00
1.749002089054098930e+00
1.685142508391940908e+00
1.748868856100901148e+00
1.780785844876450863e+00
1.756919668429643755e+00
1.783020958509982545e+00
1.795075734085147534e+00
1.796872910139978741e+00
1.770016229631559579e+00
1.758750966892210332e+00
1.771413750883257032e+00
1.605337883798676923e+00
1.584299333674918708e+00
1.608623754592514388e+00
1.652444112942093479e+00
1.654988439185171911e+00
1.626623511446745773e+00
1.587178518761587220e+00
1.628708685049288007e+00
1.713874424800319929e+00
1.686290464810347167e+00
1.719340297281687135e+00
1.692053346443922024e+00
1.699237375907344028e+00
1.666613866269105015e+00
1.690380973904298312e+00
1.672422187683874961e+00
1.834054712764618289e+00
1.808246286992571061e+00
1.832817430142498427e+00
1.824890508809678291e+00
1.823310017999172805e+00
1.799839730042968711e+00
1.807375096985847973e+00
1.798632614276383546e+00
1.689608708444588547e+00
1.670287651258415274e+00
1.685862467163854239e+00
1.766143803090606923e+00
1.764091892276972384e+00
1.740407908787399593e+00
1.666934213222282413e+00
1.738783533561048422e+00
1.701467129283475099e+00
1.823044950393367225e+00
1.701249561810466604e+00
1.593210736521354143e+00
1.590121838192244397e+00
1.663247723701270164e+00
1.821119589856760701e+00
1.658819079269203023e+00
1.619531073649358444e+00
1.664047142723645401e+00
1.619531073649358444e+00
1.619531073649358444e+00
1.619531073649358444e+00
1.664047142723645401e+00
1.664047142723645401e+00
1.664047142723645401e+00
1.784475512715110401e+00
1.697073471847636572e+00
1.784475512715110401e+00
1.784475512715110401e+00
1.784475512715110401e+00
1.697073471847636572e+00
1.697073471847636572e+00
1.697073471847636572e+00
1.773928681451645950e+00
1.767546851647828543e+00
1.780055373739611424e+00
1.837348086805194791e+00
1.840020384325426139e+00
1.829368049643982141e+00
1.773444142711525284e+00
1.831811172157221224e+00
1.767171237646266047e+00
1.756754275211146021e+00
1.766426920478249674e+00
1.720298056787830321e+00
1.716188475210975728e+00
1.711557162732863402e+00
1.756266441395300637e+00
1.707730398745664013e+00
1.715193314786810586e+00
1.705520173004446915e+00
1.715193314786810586e+00
1.568027377708896664e+00
1.568027377708896664e+00
1.562941327203576591e+00
1.705520173004446915e+00
1.562941327203576591e+00
1.609575678852157354e+00
1.606029724450443119e+00
1.609575678852157354e+00
1.786069808207513265e+00
1.786069808207513265e+00
1.778506625991822077e+00
1.606029724450443119e+00
1.778506625991822077e+00
1.775152160798696421e+00
1.681277167304446651e+00
1.777485022279125637e+00
1.775152160798696421e+00
1.777485022279125637e+00
1.681277167304446651e+00
1.681015012393270114e+00
1.681015012393270114e+00
1.640191058219212739e+00
1.699089894636139908e+00
1.636251007048847406e+00
1.640191058219212739e+00
1.636251007048847406e+00
1.699089894636139908e+00
1.693021699651989120e+00
1.693021699651989120e+00
1.692728930313044389e+00
1.753558976866973929e+00
1.693672998790682449e+00
1.681992731282663911e+00
1.684270793161782853e+00
1.740154714601026775e+00
1.757305149745928219e+00
1.745320663806454897e+00
1.680192335766252487e+00
1.712619028004188637e+00
1.677497619052991329e+00
1.616337380216533504e+00
1.613213792563284343e+00
1.640213614790676289e+00
1.709448614746267747e+00
1.636761637092928101e+00
1.827033621326616952e+00
1.730915092065106187e+00
1.826031218677038659e+00
1.740883821091893768e+00
1.738165170535815207e+00
1.667972888139257925e+00
1.730907308749275009e+00
1.666287016728535075e+00
1.711059682954454431e+00
1.760568389439287174e+00
1.709810119786671523e+00
1.746073144832128943e+00
1.745780860937954149e+00
1.803378353220149055e+00
1.758716842411104597e+00
1.802517177223271982e+00
1.604824896652223387e+00
1.614264106456785086e+00
1.605820525689846345e+00
1.755466855297982187e+00
1.755753900914237553e+00
1.773465354079748257e+00
1.615305262977281275e+00
1.773819641175451434e+00
1.810069585404618042e+00
1.684398036923789643e+00
1.800235439626328926e+00
1.718685028233362111e+00
1.702816153481812922e+00
1.625789637650766117e+00
1.681764342101898846e+00
1.616434084043813613e+00
1.726718855440764866e+00
1.739082708259256371e+00
1.727562653987319674e+00
1.754041070861684926e+00
1.754740844448162918e+00
1.767776630386299397e+00
1.739988876932125894e+00
1.768540849936728776e+00
1.724253066495514686e+00
1.745884917798006697e+00
1.724283936806724205e+00
1.730767072116860872e+00
1.730722984314172486e+00
1.752946339184220603e+00
1.745982296685294699e+00
1.752966149943595120e+00
1.669605447978911306e+00
1.649531394200242307e+00
1.670879906395023706e+00
1.716267592298618805e+00
1.716245951668689207e+00
1.692383444178695573e+00
1.650557467186111849e+00
1.692146372764832929e+00
1.798697204418492568e+00
1.780009395180300658e+00
1.799292943555452551e+00
1.740982214412073237e+00
1.742894039337795853e+00
1.725809528611275123e+00
1.780424183216843481e+00
1.727528857354627245e+00
1.667157142265312419e+00
1.615121231633647181e+00
1.679401551914590840e+00
1.667157142265312419e+00
1.679401551914590840e+00
1.615121231633647181e+00
1.624421868004648495e+00
1.624421868004648495e+00
1.740572181879583402e+00
1.791953816491987261e+00
1.738961291544184551e+00
1.740572181879583402e+00
1.738961291544184551e+00
1.791953816491987261e+00
1.789325544664642997e+00
1.789325544664642997e+00
1.745104464871343630e+00
1.838493347043176351e+00
1.745090310087390240e+00
1.745104464871343630e+00
1.745090310087390240e+00
1.838493347043176351e+00
1.838150211872034978e+00
1.838150211872034978e+00
1.776334198759849547e+00
1.727350292477827676e+00
1.775730629806729688e+00
1.776334198759849547e+00
1.775730629806729688e+00
1.727350292477827676e+00
1.726945544952093403e+00
1.726945544952093403e+00
1.769755098670131810e+00
1.787462176419268411e+00
1.771542301650038453e+00
1.692117343398090057e+00
1.697471240022756067e+00
1.705166320341104269e+00
1.789699329910272585e+00
1.710966202189239116e+00
1.631266937198058820e+00
1.650259619250769472e+00
1.627015693493504278e+00
1.685305712491516505e+00
1.685495344976872367e+00
1.709272258110853482e+00
1.645283166392784047e+00
1.708815772764222585e+00
1.652533810375010237e+00
1.701055726528756029e+00
1.654262724388336769e+00
1.674759340663680041e+00
1.675247042256718721e+00
1.728069331167847222e+00
1.703994628969341729e+00
1.729715072899649986e+00
1.780023735636304449e+00
1.825161690171965390e+00
1.778320361951785333e+00
1.653599175832675350e+00
1.644066116406026179e+00
1.680091383807124084e+00
1.821859012654302390e+00
1.669239652394878703e+00
1.685712946158751002e+00
1.612976288885153320e+00
1.683661986106891995e+00
1.751720614163701395e+00
1.750184518275844647e+00
1.660055844172930284e+00
1.611644357606764721e+00
1.659323660536332623e+00
1.723256685246679520e+00
1.771864643224683622e+00
1.722954725912713814e+00
1.736907842034618898e+00
1.736901665080603063e+00
1.788335452136952775e+00
1.771229211689741900e+00
1.788015333627972714e+00
1.751322406264933074e+00
1.796867190769515288e+00
1.752887089799273879e+00
1.748993814628279964e+00
1.750784186805555809e+00
1.794174059514426434e+00
1.800065251550502454e+00
1.797602320325124570e+00
1.746516286657076478e+00
1.665809994850902420e+00
1.741164744611233495e+00
1.737186929833711480e+00
1.731616233594569731e+00
1.659070540190198173e+00
1.662636726934457077e+00
1.655648960970252492e+00
1.759755002029362192e+00
1.795587138800165850e+00
1.760915825383805533e+00
1.755229761522971499e+00
1.756452582590700917e+00
1.790475426219504840e+00
1.797074140692715538e+00
1.792025954378930752e+00
1.566046073495800384e+00
1.593135418171067741e+00
1.567762515173097171e+00
1.719780466549408082e+00
1.719560041067718537e+00
1.774990160904498904e+00
1.595126257313371987e+00
1.775092264196906688e+00
1.706257311921761222e+00
1.695534088670759054e+00
1.704855094671557714e+00
1.722192306507522197e+00
1.721802098211825172e+00
1.710821120392412409e+00
1.694367256458511051e+00
1.710652509623191042e+00
1.658849888949812446e+00
1.653802681954990472e+00
1.652830629606148571e+00
1.737691085410074665e+00
1.733269740887510402e+00
1.730659285540157688e+00
1.647929263843074699e+00
1.726422995129903271e+00
1.833751628161824687e+00
1.755430085744980495e+00
1.837798290108045851e+00
1.643016260012541974e+00
1.654442522605527710e+00
1.603436703017790954e+00
1.756643126615271777e+00
1.612909395838892257e+00
1.711866625209725878e+00
1.761764886202440206e+00
1.708221710553869954e+00
1.743464239477413802e+00
1.741210815757156194e+00
1.800455353579880846e+00
1.756774487744565905e+00
1.796825820434424070e+00
1.659981645898323643e+00
1.705079206849501094e+00
1.664403980260096505e+00
1.750590969036483369e+00
1.750928558913098509e+00
1.816224333702047611e+00
1.710865357842336953e+00
1.817947637885305889e+00
1.809563561989441016e+00
1.727187412546151268e+00
1.811968995356282974e+00
1.772820243348397273e+00
1.776763728731319381e+00
1.699635291761193656e+00
1.727855040194248293e+00
1.701771745451593265e+00
1.745741221819626210e+00
1.737658357487609884e+00
1.748961371576224000e+00
1.680218346156419962e+00
1.685460370153357701e+00
1.673953850035367674e+00
1.740673320426046056e+00
1.679011282576026609e+00
1.705630985067882799e+00
1.692829980288758529e+00
1.706852158828749300e+00
1.691680379509934440e+00
1.691153136607884244e+00
1.679542849424196849e+00
1.694390376605453108e+00
1.679392365971998480e+00
1.597883693731555699e+00
1.682144280527887670e+00
1.602512072847803726e+00
1.658979091263553807e+00
1.660922730804459624e+00
1.774211359386285602e+00
1.689684964641189779e+00
1.779578258128318602e+00
1.764291445556385618e+00
1.745739481707103913e+00
1.761027203027199395e+00
1.785314359664003536e+00
1.783919459430732157e+00
1.765342048189923352e+00
1.743089734065619290e+00
1.764524962033474420e+00
1.751481392691088157e+00
1.738008597954880496e+00
1.750652238298993080e+00
1.795515316820653684e+00
1.794966792378538178e+00
1.779773388021327341e+00
1.737243698194212538e+00
1.779291711537799081e+00
1.742318312100020750e+00
1.719919247752528246e+00
1.742274690678654814e+00
1.642786883215844984e+00
1.642025578943166586e+00
1.627586332268765812e+00
1.719943483094724668e+00
1.626899097712060094e+00
1.753734946456044774e+00
1.689441419985337811e+00
1.755215418086331081e+00
1.689604879434287277e+00
1.694354252113843717e+00
1.638182744583073891e+00
1.689410905762220194e+00
1.641295956783475729e+00
1.739567185163942487e+00
1.701941887142261578e+00
1.730895669794520142e+00
1.828130308064156218e+00
1.824117513292234705e+00
1.776885818455136157e+00
1.694857626761469449e+00
1.774580991991069778e+00
1.808583123656737346e+00
1.748559087110486798e+00
1.808408175278705565e+00
1.767866321966014453e+00
1.767332308301209576e+00
1.715322912577649905e+00
1.748575971952041730e+00
1.715000370145376429e+00
1.693767623833216440e+00
1.783222383354522211e+00
1.693551245552324946e+00
1.575477051951213125e+00
1.574648608747336143e+00
1.624212778918026512e+00
1.782672491542229398e+00
1.623158076507788428e+00
1.711607379764747305e+00
1.775640269824173112e+00
1.711300358509228570e+00
1.631629896611885178e+00
1.634681203061707500e+00
1.677126204299015377e+00
1.776386865081382549e+00
1.681309326135841609e+00
1.746787912459659697e+00
1.652473937514812530e+00
1.749575182025636888e+00
1.780159410117416741e+00
1.781664715736113180e+00
1.675267284173941551e+00
1.653420359617609803e+00
1.675057516366627475e+00
1.808154739675981393e+00
1.792532261970490204e+00
1.810600501362557679e+00
1.831919041829855210e+00
1.833344381199683237e+00
1.815004926338239510e+00
1.794664775031258319e+00
1.816129314267130646e+00
1.662747041538714221e+00
1.647356299211014674e+00
1.654269161628725060e+00
1.719182165305810805e+00
1.714528255233109366e+00
1.699890117567546710e+00
1.639682735441594819e+00
1.696066010051836770e+00
1.673668548011492341e+00
1.690736644210427464e+00
1.672036352258756686e+00
1.608077328588150001e+00
1.605517011394697713e+00
1.620780564363679677e+00
1.688871696091580610e+00
1.618019197856217284e+00
1.806928157530457213e+00
1.823796296383016102e+00
1.806096149576516208e+00
1.786920153634461883e+00
1.785569435319561471e+00
1.802595732439887133e+00
1.822787958701290068e+00
1.801063628152638207e+00
1.610694327336438025e+00
1.575888449020108606e+00
1.623406038466090440e+00
1.769946504444811719e+00
1.772078223015318699e+00
1.706715362644228628e+00
1.586255730847803580e+00
1.706208493516766289e+00
1.664604828364694811e+00
1.765111234629288539e+00
1.664344593268473949e+00
1.641044135209395627e+00
1.640123717029297712e+00
1.730804903413768248e+00
1.763756982401149864e+00
1.728758809093594362e+00
