1.689529520946882801e+00
1.830424989375139200e+00
1.688750936574577199e+00
1.667844159119908909e+00
1.668140447583647212e+00
1.793426727866049397e+00
1.831186248795976690e+00
1.795505623417916752e+00
1.736605673980880837e+00
1.709245292192273169e+00
1.730491921660027410e+00
1.788765382360895995e+00
1.789095373545287471e+00
1.755241441022648674e+00
1.704408547267953544e+00
1.756591828835729174e+00
1.799523541093102974e+00
1.773493261955784828e+00
1.801116959927545613e+00
1.811458530992761773e+00
1.812608722780269854e+00
1.784295490666325090e+00
1.774699739559708611e+00
1.785070855233120479e+00
1.630835075647214527e+00
1.607436779760407219e+00
1.633723201753779053e+00
1.673562555097017679e+00
1.675606634341937795e+00
1.645136507296261819e+00
1.609900444050418988e+00
1.646721155605339160e+00
1.731122898302946744e+00
1.701031859530659940e+00
1.734821931807393414e+00
1.712427965784069084e+00
1.717910686182240187e+00
1.684465586751841659e+00
1.703428848268005780e+00
1.688599618905277655e+00
1.846928808952649881e+00
1.819205339404789346e+00
1.846323518867037716e+00
1.839574715562125817e+00
1.838637536398256334e+00
1.812561034144475780e+00
1.818933000903459440e+00
1.811970005349551771e+00
1.715998817942631760e+00
1.694533459358174232e+00
1.712754749490657868e+00
1.783134766693788009e+00
1.781725076269397245e+00
1.755175216046608089e+00
1.691696799811352347e+00
1.754173380832022344e+00
1.709089854494753258e+00
1.839822967752605898e+00
1.709355086327412288e+00
1.616968296963488427e+00
1.614291866697773470e+00
1.694802841532592419e+00
1.838528188911209060e+00
1.690708763406623572e+00
1.642816370169898788e+00
1.692362539410462663e+00
1.642816370169898788e+00
1.642816370169898788e+00
1.642816370169898788e+00
1.692362539410462663e+00
1.692362539410462663e+00
1.692362539410462663e+00
1.799885783561680608e+00
1.705807370210071561e+00
1.799885783561680608e+00
1.799885783561680608e+00
1.799885783561680608e+00
1.705807370210071561e+00
1.705807370210071561e+00
1.705807370210071561e+00
1.798125068413402250e+00
1.791081003464233046e+00
1.803104289262881021e+00
1.851886584090282728e+00
1.853332399172521239e+00
1.843274065563665687e+00
1.795828565528270637e+00
1.844509541165585187e+00
1.775391678230186177e+00
1.764302514586411297e+00
1.775683016920474255e+00
1.737664671933808247e+00
1.734691129949720301e+00
1.728152625719373781e+00
1.764817849243482062e+00
1.725451695180694855e+00
1.729504798938831245e+00
1.719025092627502360e+00
1.729504798938831245e+00
1.596529756414754919e+00
1.596529756414754919e+00
1.590840537513640296e+00
1.719025092627502360e+00
1.590840537513640296e+00
1.641101980767623481e+00
1.637190683282152115e+00
1.641101980767623481e+00
1.805118381385192539e+00
1.805118381385192539e+00
1.796858750677839511e+00
1.637190683282152115e+00
1.796858750677839511e+00
1.788553877401959813e+00
1.687762541907112057e+00
1.789668092171037062e+00
1.788553877401959813e+00
1.789668092171037062e+00
1.687762541907112057e+00
1.686568896220075997e+00
1.686568896220075997e+00
1.656825390369304429e+00
1.721524687787818308e+00
1.653969895412475744e+00
1.656825390369304429e+00
1.653969895412475744e+00
1.721524687787818308e+00
1.716550213361748511e+00
1.716550213361748511e+00
1.701782800165586584e+00
1.767334384567870398e+00
1.701114298560626903e+00
1.693263325410979014e+00
1.693841974286619756e+00
1.756314014426371140e+00
1.769188849352015591e+00
1.759559966519105956e+00
1.706522866010851125e+00
1.742501235063456555e+00
1.704178776050653710e+00
1.646172406607193661e+00
1.643291902253056991e+00
1.672577495484327770e+00
1.739658444941141191e+00
1.669349607812768976e+00
1.840422229192780090e+00
1.737480176225282058e+00
1.839904531236321583e+00
1.766744138711998424e+00
1.764446734771555114e+00
1.686350756556447950e+00
1.737852022972833588e+00
1.685085979986423510e+00
1.726672644032622106e+00
1.780694560058714293e+00
1.725839449201665543e+00
1.754711986250537592e+00
1.754799446610215696e+00
1.816104451878055581e+00
1.779276850088125084e+00
1.815680790760330510e+00
1.633772204364193126e+00
1.644261133754906901e+00
1.634683541719700761e+00
1.768335086332018191e+00
1.768476669716641858e+00
1.787784766602156239e+00
1.645221288108173807e+00
1.787988561018673206e+00
1.829686130547758083e+00
1.693849735105376286e+00
1.822219900331730091e+00
1.747918091271390306e+00
1.733687232943791567e+00
1.645167534422954159e+00
1.693177234288202104e+00
1.637669003549196756e+00
1.751546218541201405e+00
1.765223271791939830e+00
1.752250925181944030e+00
1.775645419466835850e+00
1.776193276636077956e+00
1.790769494630746639e+00
1.765989023422863013e+00
1.791380512203836872e+00
1.731712506113153083e+00
1.754775111818825284e+00
1.731625108524218914e+00
1.736628351668914050e+00
1.736473917111132081e+00
1.760172713248575604e+00
1.754745914103525095e+00
1.760073056078795828e+00
1.685539419478315759e+00
1.663665653834332403e+00
1.686394998796890254e+00
1.723012210627505869e+00
1.722626407370845047e+00
1.697612776528495626e+00
1.664285569923896091e+00
1.697043051217416831e+00
1.809978141498629789e+00
1.789958923701358229e+00
1.810161890485854741e+00
1.762124926710232797e+00
1.763618330110860555e+00
1.745500905021194260e+00
1.789981285262347122e+00
1.746802417426242870e+00
1.698880467743420386e+00
1.640952280637144600e+00
1.710096056472147463e+00
1.698880467743420386e+00
1.710096056472147463e+00
1.640952280637144600e+00
1.649057947048282458e+00
1.649057947048282458e+00
1.753679305458568649e+00
1.809404172939719668e+00
1.752806093440312019e+00
1.753679305458568649e+00
1.752806093440312019e+00
1.809404172939719668e+00
1.807572327111724997e+00
1.807572327111724997e+00
1.752015270399398084e+00
1.852128918624693865e+00
1.752133087532372180e+00
1.752015270399398084e+00
1.752133087532372180e+00
1.852128918624693865e+00
1.851951698160966497e+00
1.851951698160966497e+00
1.796093456783291131e+00
1.742742717122189866e+00
1.795640922002072593e+00
1.796093456783291131e+00
1.795640922002072593e+00
1.742742717122189866e+00
1.742481797163471846e+00
1.742481797163471846e+00
1.782440042125217561e+00
1.801559519145609300e+00
1.783226024453328673e+00
1.716187698982460041e+00
1.720652300486319231e+00
1.730663723473391480e+00
1.802758228326160284e+00
1.735571648969965963e+00
1.647728136783594532e+00
1.668495031032187992e+00
1.644633171394921156e+00
1.691073815882840004e+00
1.692267101734594714e+00
1.716532768961140487e+00
1.664685150288222282e+00
1.717167773815120535e+00
1.665673738393603776e+00
1.718541592511995564e+00
1.666585812925768462e+00
1.683504105240097193e+00
1.683230749379855062e+00
1.740929299025461230e+00
1.720600392798077971e+00
1.741699202975457439e+00
1.789548684106599286e+00
1.837940577362720873e+00
1.789296454499300637e+00
1.680501347647327171e+00
1.672050675132436215e+00
1.709976404882330492e+00
1.836236557399664626e+00
1.700124735520019748e+00
1.714599914736049335e+00
1.633895313282198281e+00
1.712771086909375073e+00
1.774683144859780182e+00
1.773442738502867044e+00
1.674320329162623855e+00
1.632810171003576727e+00
1.673866567314610698e+00
1.733118597449930798e+00
1.785387196462565829e+00
1.733072279367200652e+00
1.743610305222274004e+00
1.743835136540219821e+00
1.798398447312574033e+00
1.785037360007005969e+00
1.798347996518200098e+00
1.762039850535030538e+00
1.811163966145911353e+00
1.762243861616665797e+00
1.760207587856203792e+00
1.760620937082299386e+00
1.808957156268027999e+00
1.812847377383091096e+00
1.810867280897628273e+00
1.772417926018521994e+00
1.683608419341149354e+00
1.767864246899077951e+00
1.763959431182314130e+00
1.759153439925640550e+00
1.677828889550835534e+00
1.681243149532483994e+00
1.675195988381058099e+00
1.778574664542755368e+00
1.817864150126500267e+00
1.779412593896834371e+00
1.774748012215004334e+00
1.775650927814166113e+00
1.813416693929136958e+00
1.819022215434515921e+00
1.814641898948094134e+00
1.592111523017329500e+00
1.622314017097187477e+00
1.593660031568694624e+00
1.724317215382189517e+00
1.723885744029562517e+00
1.782927782675351791e+00
1.624147333147818228e+00
1.782772162181417652e+00
1.717360717671916781e+00
1.705824591969591353e+00
1.716810533466418764e+00
1.729828195390873624e+00
1.730230169922943428e+00
1.717706469692461990e+00
1.705488638053988204e+00
1.718302379131892543e+00
1.687989283553451569e+00
1.682386901893849984e+00
1.682528394528871374e+00
1.760341105642116100e+00
1.756740155799550340e+00
1.752604728996679295e+00
1.677093004850880309e+00
1.749190198925417938e+00
1.849847034332122053e+00
1.765380115539540773e+00
1.852290943371724730e+00
1.675640927640042133e+00
1.686314459398819299e+00
1.631649083342233242e+00
1.765243656621146906e+00
1.640204465203238371e+00
1.731257292901442923e+00
1.786144713930660988e+00
1.728467012625697352e+00
1.757721815896390538e+00
1.756353121925561478e+00
1.819679549608149927e+00
1.782006310907922941e+00
1.816997723546387444e+00
1.682842476909672369e+00
1.732867728624747805e+00
1.686475632270753255e+00
1.758855492319198799e+00
1.758388153232328222e+00
1.829343097212654090e+00
1.737901684087414633e+00
1.830117665967345264e+00
1.825447008497022461e+00
1.736680219350928756e+00
1.826938084849270227e+00
1.794450412388131078e+00
1.797509728676238705e+00
1.714538296142761986e+00
1.736590376371937694e+00
1.715857829312816385e+00
1.764412051526405012e+00
1.755576295415161692e+00
1.766732549283716036e+00
1.706450685143853008e+00
1.710966954004947915e+00
1.699495887958208717e+00
1.757698722333976615e+00
1.703821532735017907e+00
1.709300644395634672e+00
1.695825495542288674e+00
1.711563186720842733e+00
1.698881601793108542e+00
1.699578221533132538e+00
1.685971207329525434e+00
1.698370369880548569e+00
1.686995925460938128e+00
1.619564542998352064e+00
1.713233860085414895e+00
1.623370709412090385e+00
1.672083297888079745e+00
1.673102767114714284e+00
1.798111765611872137e+00
1.720094642327659518e+00
1.802442980080884105e+00
1.778083122546505246e+00
1.758082542409901583e+00
1.776155434769767893e+00
1.794711189723141587e+00
1.794568972154524156e+00
1.773401090870293739e+00
1.756726523661050976e+00
1.773770511966055841e+00
1.775455904596670909e+00
1.760592060543603843e+00
1.774777476724620717e+00
1.813398248395329038e+00
1.813017486176763171e+00
1.796272133456878306e+00
1.759978986094820286e+00
1.795955292778597556e+00
1.749905617926266643e+00
1.726072756890190130e+00
1.749987367626427037e+00
1.666196470335593371e+00
1.665554956803189768e+00
1.649394982951515765e+00
1.726213041239648138e+00
1.648827325733729587e+00
1.765391597710815219e+00
1.696459307335034694e+00
1.765871721149461004e+00
1.711434925843698940e+00
1.715212073599607034e+00
1.654874869839205509e+00
1.695603582629409356e+00
1.657052881747334228e+00
1.766704023921365607e+00
1.725103160216540754e+00
1.759183187015443961e+00
1.843531843038513696e+00
1.840977512570264985e+00
1.788322544196488284e+00
1.719216069188107765e+00
1.787347525161866235e+00
1.818895718919777860e+00
1.754869701492017153e+00
1.818866397455993988e+00
1.785859832218306575e+00
1.785480367144459235e+00
1.728788239794509796e+00
1.755008669053191195e+00
1.728608770297767272e+00
1.705175730738702988e+00
1.802099604823311996e+00
1.705086068686576750e+00
1.601275313920994314e+00
1.600533050678603075e+00
1.655337590045529605e+00
1.801697168331015231e+00
1.654354114921136709e+00
1.717349627056569350e+00
1.785756918968800289e+00
1.716444976739661010e+00
1.651571791331085226e+00
1.653955385013224255e+00
1.701959383255533975e+00
1.785773567194214984e+00
1.705479017502016914e+00
1.766027480029163987e+00
1.663557008113441427e+00
1.768083641773614767e+00
1.793738580620489298e+00
1.794516454308252795e+00
1.681354960677259758e+00
1.663880774288600151e+00
1.680609032233209454e+00
1.825637170437589329e+00
1.808655662851297974e+00
1.827281531975964768e+00
1.845008511729753442e+00
1.845656176289629746e+00
1.826807408077195882e+00
1.810003662731303198e+00
1.827181803492792689e+00
1.685531483490672944e+00
1.668541023395756051e+00
1.678441052091341312e+00
1.734067579161517880e+00
1.731023156426405585e+00
1.713188456138704741e+00
1.662251427669374504e+00
1.710927593519010026e+00
1.691737182939009099e+00
1.710449412279404502e+00
1.690526521430354645e+00
1.633222602066586315e+00
1.630976747012661043e+00
1.647396023129874321e+00
1.709013661388348648e+00
1.644944197963375654e+00
1.819464780802358739e+00
1.837617528050798699e+00
1.819066986175853495e+00
1.803271571960894271e+00
1.802368891066630230e+00
1.820287972644077268e+00
1.837057968639684402e+00
1.819211472843379251e+00
1.639838143235502255e+00
1.601038492144306824e+00
1.651393032378218440e+00
1.781056670744648684e+00
1.781387199179846892e+00
1.713370835002203885e+00
1.610125999608012171e+00
1.711392676055510487e+00
1.672952759784152477e+00
1.781285742702365393e+00
1.673055882485985801e+00
1.654136581559963570e+00
1.653606093102578001e+00
1.752147222877646682e+00
1.780383953227733906e+00
1.750527971001273997e+00
