2.875000000000000000e+02
2.875000000000000000e+02
2.875000000000000000e+02
4.875000000000000000e+02
4.875000000000000000e+02
4.875000000000000000e+02
2.875000000000000000e+02
4.875000000000000000e+02
4.875000000000000000e+02
4.875000000000000000e+02
4.875000000000000000e+02
2.875000000000000000e+02
2.875000000000000000e+02
2.875000000000000000e+02
4.875000000000000000e+02
2.875000000000000000e+02
1.875000000000000000e+02
1.875000000000000000e+02
1.875000000000000000e+02
1.875000000000000000e+02
1.875000000000000000e+02
1.875000000000000000e+02
1.875000000000000000e+02
1.875000000000000000e+02
3.875000000000000000e+02
3.875000000000000000e+02
3.875000000000000000e+02
3.875000000000000000e+02
3.875000000000000000e+02
3.875000000000000000e+02
3.875000000000000000e+02
3.875000000000000000e+02
4.375000000000000000e+02
4.375000000000000000e+02
4.375000000000000000e+02
4.375000000000000000e+02
4.375000000000000000e+02
4.375000000000000000e+02
4.375000000000000000e+02
4.375000000000000000e+02
2.375000000000000000e+02
2.375000000000000000e+02
2.375000000000000000e+02
2.375000000000000000e+02
2.375000000000000000e+02
2.375000000000000000e+02
2.375000000000000000e+02
2.375000000000000000e+02
3.375000000000000000e+02
3.375000000000000000e+02
3.375000000000000000e+02
1.375000000000000000e+02
1.375000000000000000e+02
1.375000000000000000e+02
3.375000000000000000e+02
1.375000000000000000e+02
1.375000000000000000e+02
1.375000000000000000e+02
1.375000000000000000e+02
3.375000000000000000e+02
3.375000000000000000e+02
3.375000000000000000e+02
1.375000000000000000e+02
3.375000000000000000e+02
3.125000000000000000e+02
3.125000000000000000e+02
3.125000000000000000e+02
3.625000000000000000e+02
3.625000000000000000e+02
3.625000000000000000e+02
3.125000000000000000e+02
3.625000000000000000e+02
1.125000000000000000e+02
1.125000000000000000e+02
1.125000000000000000e+02
1.625000000000000000e+02
1.625000000000000000e+02
1.625000000000000000e+02
1.125000000000000000e+02
1.625000000000000000e+02
4.125000000000000000e+02
4.125000000000000000e+02
4.125000000000000000e+02
2.625000000000000000e+02
2.625000000000000000e+02
2.625000000000000000e+02
4.125000000000000000e+02
2.625000000000000000e+02
2.125000000000000000e+02
2.125000000000000000e+02
2.125000000000000000e+02
4.625000000000000000e+02
4.625000000000000000e+02
4.625000000000000000e+02
2.125000000000000000e+02
4.625000000000000000e+02
1.625000000000000000e+02
1.625000000000000000e+02
1.625000000000000000e+02
3.125000000000000000e+02
3.125000000000000000e+02
3.125000000000000000e+02
1.625000000000000000e+02
3.125000000000000000e+02
3.625000000000000000e+02
3.625000000000000000e+02
3.625000000000000000e+02
1.125000000000000000e+02
1.125000000000000000e+02
1.125000000000000000e+02
3.625000000000000000e+02
1.125000000000000000e+02
2.625000000000000000e+02
2.625000000000000000e+02
2.625000000000000000e+02
2.125000000000000000e+02
2.125000000000000000e+02
2.125000000000000000e+02
2.625000000000000000e+02
2.125000000000000000e+02
4.625000000000000000e+02
4.625000000000000000e+02
4.625000000000000000e+02
4.125000000000000000e+02
4.125000000000000000e+02
4.125000000000000000e+02
4.625000000000000000e+02
4.125000000000000000e+02
