4.281250000000000000e+02
4.281250000000000000e+02
4.281250000000000000e+02
2.781250000000000000e+02
2.781250000000000000e+02
2.781250000000000000e+02
4.281250000000000000e+02
2.781250000000000000e+02
2.281250000000000000e+02
2.281250000000000000e+02
2.281250000000000000e+02
4.781250000000000000e+02
4.781250000000000000e+02
4.781250000000000000e+02
2.281250000000000000e+02
4.781250000000000000e+02
3.281250000000000000e+02
3.281250000000000000e+02
3.281250000000000000e+02
3.781250000000000000e+02
3.781250000000000000e+02
3.781250000000000000e+02
3.281250000000000000e+02
3.781250000000000000e+02
1.281250000000000000e+02
1.281250000000000000e+02
1.281250000000000000e+02
1.781250000000000000e+02
1.781250000000000000e+02
1.781250000000000000e+02
1.281250000000000000e+02
1.781250000000000000e+02
2.781250000000000000e+02
2.781250000000000000e+02
2.781250000000000000e+02
2.281250000000000000e+02
2.281250000000000000e+02
2.281250000000000000e+02
2.781250000000000000e+02
2.281250000000000000e+02
4.781250000000000000e+02
4.781250000000000000e+02
4.781250000000000000e+02
4.281250000000000000e+02
4.281250000000000000e+02
4.281250000000000000e+02
4.781250000000000000e+02
4.281250000000000000e+02
1.781250000000000000e+02
1.781250000000000000e+02
1.781250000000000000e+02
3.281250000000000000e+02
3.281250000000000000e+02
3.281250000000000000e+02
1.781250000000000000e+02
3.281250000000000000e+02
3.781250000000000000e+02
3.781250000000000000e+02
3.781250000000000000e+02
1.281250000000000000e+02
1.281250000000000000e+02
1.281250000000000000e+02
3.781250000000000000e+02
1.281250000000000000e+02
1.531250000000000000e+02
1.531250000000000000e+02
1.531250000000000000e+02
1.531250000000000000e+02
1.531250000000000000e+02
1.531250000000000000e+02
1.531250000000000000e+02
1.531250000000000000e+02
3.531250000000000000e+02
3.531250000000000000e+02
3.531250000000000000e+02
3.531250000000000000e+02
3.531250000000000000e+02
3.531250000000000000e+02
3.531250000000000000e+02
3.531250000000000000e+02
2.531250000000000000e+02
2.531250000000000000e+02
2.531250000000000000e+02
4.531250000000000000e+02
4.531250000000000000e+02
4.531250000000000000e+02
2.531250000000000000e+02
4.531250000000000000e+02
4.531250000000000000e+02
4.531250000000000000e+02
4.531250000000000000e+02
2.531250000000000000e+02
2.531250000000000000e+02
2.531250000000000000e+02
4.531250000000000000e+02
2.531250000000000000e+02
3.031250000000000000e+02
3.031250000000000000e+02
3.031250000000000000e+02
1.031250000000000000e+02
1.031250000000000000e+02
1.031250000000000000e+02
3.031250000000000000e+02
1.031250000000000000e+02
1.031250000000000000e+02
1.031250000000000000e+02
1.031250000000000000e+02
3.031250000000000000e+02
3.031250000000000000e+02
3.031250000000000000e+02
1.031250000000000000e+02
3.031250000000000000e+02
4.031250000000000000e+02
4.031250000000000000e+02
4.031250000000000000e+02
4.031250000000000000e+02
4.031250000000000000e+02
4.031250000000000000e+02
4.031250000000000000e+02
4.031250000000000000e+02
2.031250000000000000e+02
2.031250000000000000e+02
2.031250000000000000e+02
2.031250000000000000e+02
2.031250000000000000e+02
2.031250000000000000e+02
2.031250000000000000e+02
2.031250000000000000e+02
3.656250000000000000e+02
3.656250000000000000e+02
3.656250000000000000e+02
3.156250000000000000e+02
3.156250000000000000e+02
3.156250000000000000e+02
3.656250000000000000e+02
3.156250000000000000e+02
1.656250000000000000e+02
1.656250000000000000e+02
1.656250000000000000e+02
1.156250000000000000e+02
1.156250000000000000e+02
1.156250000000000000e+02
1.656250000000000000e+02
1.156250000000000000e+02
4.656250000000000000e+02
4.656250000000000000e+02
4.656250000000000000e+02
2.156250000000000000e+02
2.156250000000000000e+02
2.156250000000000000e+02
4.656250000000000000e+02
2.156250000000000000e+02
2.656250000000000000e+02
2.656250000000000000e+02
2.656250000000000000e+02
4.156250000000000000e+02
4.156250000000000000e+02
4.156250000000000000e+02
2.656250000000000000e+02
4.156250000000000000e+02
1.156250000000000000e+02
1.156250000000000000e+02
1.156250000000000000e+02
3.656250000000000000e+02
3.656250000000000000e+02
3.656250000000000000e+02
1.156250000000000000e+02
3.656250000000000000e+02
3.156250000000000000e+02
3.156250000000000000e+02
3.156250000000000000e+02
1.656250000000000000e+02
1.656250000000000000e+02
1.656250000000000000e+02
3.156250000000000000e+02
1.656250000000000000e+02
2.156250000000000000e+02
2.156250000000000000e+02
2.156250000000000000e+02
2.656250000000000000e+02
2.656250000000000000e+02
2.656250000000000000e+02
2.156250000000000000e+02
2.656250000000000000e+02
4.156250000000000000e+02
4.156250000000000000e+02
4.156250000000000000e+02
4.656250000000000000e+02
4.656250000000000000e+02
4.656250000000000000e+02
4.156250000000000000e+02
4.656250000000000000e+02
2.406250000000000000e+02
2.406250000000000000e+02
2.406250000000000000e+02
4.406250000000000000e+02
4.406250000000000000e+02
4.406250000000000000e+02
2.406250000000000000e+02
4.406250000000000000e+02
4.406250000000000000e+02
4.406250000000000000e+02
4.406250000000000000e+02
2.406250000000000000e+02
2.406250000000000000e+02
2.406250000000000000e+02
4.406250000000000000e+02
2.406250000000000000e+02
1.406250000000000000e+02
1.406250000000000000e+02
1.406250000000000000e+02
1.406250000000000000e+02
1.406250000000000000e+02
1.406250000000000000e+02
1.406250000000000000e+02
1.406250000000000000e+02
3.406250000000000000e+02
3.406250000000000000e+02
3.406250000000000000e+02
3.406250000000000000e+02
3.406250000000000000e+02
3.406250000000000000e+02
3.406250000000000000e+02
3.406250000000000000e+02
4.906250000000000000e+02
4.906250000000000000e+02
4.906250000000000000e+02
4.906250000000000000e+02
4.906250000000000000e+02
4.906250000000000000e+02
4.906250000000000000e+02
4.906250000000000000e+02
2.906250000000000000e+02
2.906250000000000000e+02
2.906250000000000000e+02
2.906250000000000000e+02
2.906250000000000000e+02
2.906250000000000000e+02
2.906250000000000000e+02
2.906250000000000000e+02
3.906250000000000000e+02
3.906250000000000000e+02
3.906250000000000000e+02
1.906250000000000000e+02
1.906250000000000000e+02
1.906250000000000000e+02
3.906250000000000000e+02
1.906250000000000000e+02
1.906250000000000000e+02
1.906250000000000000e+02
1.906250000000000000e+02
3.906250000000000000e+02
3.906250000000000000e+02
3.906250000000000000e+02
1.906250000000000000e+02
3.906250000000000000e+02
2.593750000000000000e+02
2.593750000000000000e+02
2.593750000000000000e+02
3.468750000000000000e+02
3.468750000000000000e+02
3.468750000000000000e+02
2.593750000000000000e+02
3.468750000000000000e+02
4.593750000000000000e+02
4.593750000000000000e+02
4.593750000000000000e+02
1.468750000000000000e+02
1.468750000000000000e+02
1.468750000000000000e+02
4.593750000000000000e+02
1.468750000000000000e+02
1.593750000000000000e+02
1.593750000000000000e+02
1.593750000000000000e+02
2.468750000000000000e+02
2.468750000000000000e+02
2.468750000000000000e+02
1.593750000000000000e+02
2.468750000000000000e+02
3.593750000000000000e+02
3.593750000000000000e+02
3.593750000000000000e+02
4.468750000000000000e+02
4.468750000000000000e+02
4.468750000000000000e+02
3.593750000000000000e+02
4.468750000000000000e+02
4.093750000000000000e+02
4.093750000000000000e+02
4.093750000000000000e+02
3.968750000000000000e+02
3.968750000000000000e+02
3.968750000000000000e+02
4.093750000000000000e+02
3.968750000000000000e+02
2.093750000000000000e+02
2.093750000000000000e+02
2.093750000000000000e+02
1.968750000000000000e+02
1.968750000000000000e+02
1.968750000000000000e+02
2.093750000000000000e+02
1.968750000000000000e+02
3.093750000000000000e+02
3.093750000000000000e+02
3.093750000000000000e+02
2.968750000000000000e+02
2.968750000000000000e+02
2.968750000000000000e+02
3.093750000000000000e+02
2.968750000000000000e+02
1.093750000000000000e+02
1.093750000000000000e+02
1.093750000000000000e+02
4.968750000000000000e+02
4.968750000000000000e+02
4.968750000000000000e+02
1.093750000000000000e+02
4.968750000000000000e+02
3.343750000000000000e+02
3.343750000000000000e+02
3.343750000000000000e+02
4.218750000000000000e+02
4.218750000000000000e+02
4.218750000000000000e+02
3.343750000000000000e+02
4.218750000000000000e+02
1.343750000000000000e+02
1.343750000000000000e+02
1.343750000000000000e+02
2.218750000000000000e+02
2.218750000000000000e+02
2.218750000000000000e+02
1.343750000000000000e+02
2.218750000000000000e+02
4.343750000000000000e+02
4.343750000000000000e+02
4.343750000000000000e+02
1.218750000000000000e+02
1.218750000000000000e+02
1.218750000000000000e+02
4.343750000000000000e+02
1.218750000000000000e+02
2.343750000000000000e+02
2.343750000000000000e+02
2.343750000000000000e+02
3.218750000000000000e+02
3.218750000000000000e+02
3.218750000000000000e+02
2.343750000000000000e+02
3.218750000000000000e+02
1.843750000000000000e+02
1.843750000000000000e+02
1.843750000000000000e+02
4.718750000000000000e+02
4.718750000000000000e+02
4.718750000000000000e+02
1.843750000000000000e+02
4.718750000000000000e+02
3.843750000000000000e+02
3.843750000000000000e+02
3.843750000000000000e+02
2.718750000000000000e+02
2.718750000000000000e+02
2.718750000000000000e+02
3.843750000000000000e+02
2.718750000000000000e+02
2.843750000000000000e+02
2.843750000000000000e+02
2.843750000000000000e+02
1.718750000000000000e+02
1.718750000000000000e+02
1.718750000000000000e+02
2.843750000000000000e+02
1.718750000000000000e+02
4.843750000000000000e+02
4.843750000000000000e+02
4.843750000000000000e+02
3.718750000000000000e+02
3.718750000000000000e+02
3.718750000000000000e+02
4.843750000000000000e+02
3.718750000000000000e+02
1.468750000000000000e+02
1.468750000000000000e+02
1.468750000000000000e+02
2.593750000000000000e+02
2.593750000000000000e+02
2.593750000000000000e+02
1.468750000000000000e+02
2.593750000000000000e+02
3.468750000000000000e+02
3.468750000000000000e+02
3.468750000000000000e+02
4.593750000000000000e+02
4.593750000000000000e+02
4.593750000000000000e+02
3.468750000000000000e+02
4.593750000000000000e+02
2.468750000000000000e+02
2.468750000000000000e+02
2.468750000000000000e+02
3.593750000000000000e+02
3.593750000000000000e+02
3.593750000000000000e+02
2.468750000000000000e+02
3.593750000000000000e+02
4.468750000000000000e+02
4.468750000000000000e+02
4.468750000000000000e+02
1.593750000000000000e+02
1.593750000000000000e+02
1.593750000000000000e+02
4.468750000000000000e+02
1.593750000000000000e+02
3.968750000000000000e+02
3.968750000000000000e+02
3.968750000000000000e+02
2.093750000000000000e+02
2.093750000000000000e+02
2.093750000000000000e+02
3.968750000000000000e+02
2.093750000000000000e+02
1.968750000000000000e+02
1.968750000000000000e+02
1.968750000000000000e+02
4.093750000000000000e+02
4.093750000000000000e+02
4.093750000000000000e+02
1.968750000000000000e+02
4.093750000000000000e+02
4.968750000000000000e+02
4.968750000000000000e+02
4.968750000000000000e+02
3.093750000000000000e+02
3.093750000000000000e+02
3.093750000000000000e+02
4.968750000000000000e+02
3.093750000000000000e+02
2.968750000000000000e+02
2.968750000000000000e+02
2.968750000000000000e+02
1.093750000000000000e+02
1.093750000000000000e+02
1.093750000000000000e+02
2.968750000000000000e+02
1.093750000000000000e+02
4.718750000000000000e+02
4.718750000000000000e+02
4.718750000000000000e+02
1.843750000000000000e+02
1.843750000000000000e+02
1.843750000000000000e+02
4.718750000000000000e+02
1.843750000000000000e+02
2.718750000000000000e+02
2.718750000000000000e+02
2.718750000000000000e+02
3.843750000000000000e+02
3.843750000000000000e+02
3.843750000000000000e+02
2.718750000000000000e+02
3.843750000000000000e+02
3.718750000000000000e+02
3.718750000000000000e+02
3.718750000000000000e+02
4.843750000000000000e+02
4.843750000000000000e+02
4.843750000000000000e+02
3.718750000000000000e+02
4.843750000000000000e+02
1.718750000000000000e+02
1.718750000000000000e+02
1.718750000000000000e+02
2.843750000000000000e+02
2.843750000000000000e+02
2.843750000000000000e+02
1.718750000000000000e+02
2.843750000000000000e+02
2.218750000000000000e+02
2.218750000000000000e+02
2.218750000000000000e+02
1.343750000000000000e+02
1.343750000000000000e+02
1.343750000000000000e+02
2.218750000000000000e+02
1.343750000000000000e+02
4.218750000000000000e+02
4.218750000000000000e+02
4.218750000000000000e+02
3.343750000000000000e+02
3.343750000000000000e+02
3.343750000000000000e+02
4.218750000000000000e+02
3.343750000000000000e+02
1.218750000000000000e+02
1.218750000000000000e+02
1.218750000000000000e+02
4.343750000000000000e+02
4.343750000000000000e+02
4.343750000000000000e+02
1.218750000000000000e+02
4.343750000000000000e+02
3.218750000000000000e+02
3.218750000000000000e+02
3.218750000000000000e+02
2.343750000000000000e+02
2.343750000000000000e+02
2.343750000000000000e+02
3.218750000000000000e+02
2.343750000000000000e+02
