2.017087238888088940e+00
2.131987540337981102e+00
2.022647056503063645e+00
1.619833675251033611e+00
1.621889438804197781e+00
1.714084618558537443e+00
2.138150154111260193e+00
1.717476647916258869e+00
1.863276737707129094e+00
1.948175266776195347e+00
1.852427039660853758e+00
2.181172090609619474e+00
2.166345447763056598e+00
2.275366766179413247e+00
1.938598956263730022e+00
2.263406283046935030e+00
2.402615337337524082e+00
2.131716445210479982e+00
2.395996692040171183e+00
2.372801851665981232e+00
2.366218886249501274e+00
2.104523444839488722e+00
2.124068308489439172e+00
2.097141982739953114e+00
1.981305595502604877e+00
2.080904531062789609e+00
1.977218612625474936e+00
1.932884041430963151e+00
1.929062099129768448e+00
2.030477131135250524e+00
2.076923125890299815e+00
2.026680227100324139e+00
1.664870629462422702e+00
1.746474007299489317e+00
1.672270862072324338e+00
1.861941528926593481e+00
1.872450750764276250e+00
1.952583534491531880e+00
1.754469537580033656e+00
1.962739514164287380e+00
2.265008525902489467e+00
2.022124996168394695e+00
2.256263856643332844e+00
2.362819113318579411e+00
2.353748251850117601e+00
2.112464940328953045e+00
2.010632953602377704e+00
2.099637498321773599e+00
2.007905041979653138e+00
2.095419819697303510e+00
2.008539444106344884e+00
2.384671108840224818e+00
2.385487277003520035e+00
2.481900093563098153e+00
2.095912790042988139e+00
2.482485560113177669e+00
2.133036795294889210e+00
2.245065717931484350e+00
2.133624824933839648e+00
1.971047951652930230e+00
1.971528264183763257e+00
2.076510803236329306e+00
2.245640366384562103e+00
2.077010938248942118e+00
1.904897523703754203e+00
1.918707200910793054e+00
1.908545747139561044e+00
1.853112053195958620e+00
1.856475805664327794e+00
1.866594207454095100e+00
1.922426854076503044e+00
1.870044422474421264e+00
2.364743965262677161e+00
2.377746940316176616e+00
2.367408895210917130e+00
2.333385106347842797e+00
2.336021822300055728e+00
2.346299542947416050e+00
2.380331455689628228e+00
2.348831677428064424e+00
1.910556084790444809e+00
1.779428448330892643e+00
1.912396358786205619e+00
2.276529486072923270e+00
2.278824039004263113e+00
2.127263436493032067e+00
1.781751047224916062e+00
2.130706682905413984e+00
2.162760056426164201e+00
2.335307767881844576e+00
2.142653132273506511e+00
1.682193564855025247e+00
1.671290920358359244e+00
1.828123822322006209e+00
2.323010499427090814e+00
1.819020490459200889e+00
2.269463076263210866e+00
2.463291321714904392e+00
2.266290097579582330e+00
1.989468154319111504e+00
1.987041691490230022e+00
2.166204128561023623e+00
2.461068626088559697e+00
2.164297133378361160e+00
2.209813076431509593e+00
2.058442352742281045e+00
2.208543180957671659e+00
2.431089376366370125e+00
2.429679242438917086e+00
2.270218803691270715e+00
2.056773758661442741e+00
2.268212707271779927e+00
2.248592649836947288e+00
2.262341211163561905e+00
2.270184250127546655e+00
2.214135977653816756e+00
2.235194676232613364e+00
2.227734298032590488e+00
2.283474251697557911e+00
2.248277551032912935e+00
1.771213537481903355e+00
1.785205008335610799e+00
1.769897807509848597e+00
1.707279860600396937e+00
1.706169139160577330e+00
1.720789801207888825e+00
1.783822952019078034e+00
1.719607887186509032e+00
2.110440287874839616e+00
2.400658530352886011e+00
2.126556749330381191e+00
2.132147680433846837e+00
2.148681760797853890e+00
2.424591473488252547e+00
2.412244464365085772e+00
2.436309937922975344e+00
2.026171989476335256e+00
1.957325402177983342e+00
2.015280184996687041e+00
2.067316956236889602e+00
2.056018789542492620e+00
1.997361318987227685e+00
1.946143166292580329e+00
1.985642412949947477e+00
2.267530853798560564e+00
2.198862039422365910e+00
2.268197256565916309e+00
1.910566961093849825e+00
1.911084913255826301e+00
1.849938911396304508e+00
2.199666096060608034e+00
1.850531763530917528e+00
1.705651342942367421e+00
1.639277749300388276e+00
1.705976605342992780e+00
2.138706454840326732e+00
2.139295204748715928e+00
2.058219431998685067e+00
1.639527082817029857e+00
2.058797447482001886e+00
2.071257973218687098e+00
1.902943373793251736e+00
2.081215593237882189e+00
2.236735340766236924e+00
2.248088539165857380e+00
2.056792727409333388e+00
1.911548697946207742e+00
2.067762992039914316e+00
2.496872517779381795e+00
2.345402511221446940e+00
2.490703318097670760e+00
2.082765991012672124e+00
2.077612007969249497e+00
1.946586231159149083e+00
2.335099129686769359e+00
1.939099946931343688e+00
1.947321757287446164e+00
1.803433577435659352e+00
1.948022234862458735e+00
1.702217574291378321e+00
1.702744860943367966e+00
1.575549077701660527e+00
1.804113609139789132e+00
1.575942269764600834e+00
2.123750896204307015e+00
2.314510808187693947e+00
2.124425119324159894e+00
2.021286216077992304e+00
2.021887679943719540e+00
2.205499023068817621e+00
2.315031197226765869e+00
2.205989924583327877e+00
1.712520272676035349e+00
1.841532059299988866e+00
1.708930895028115682e+00
2.087848736963129781e+00
2.081192785166095405e+00
2.241076289153832501e+00
1.837015414422188631e+00
2.234621814426489550e+00
2.252237417349787219e+00
2.037984387431488464e+00
2.248499264438933665e+00
1.932370842836345304e+00
1.929437787862794851e+00
1.742711504322033811e+00
2.033849662684263926e+00
1.740302164590088463e+00
2.161460150381987688e+00
2.134994674123394276e+00
2.173748618987585424e+00
2.200018699008579048e+00
2.212614272436145946e+00
2.173196612170206432e+00
2.148573506050297510e+00
2.187055991166038105e+00
2.276396600611669374e+00
2.243842893566244001e+00
2.270600822231520599e+00
2.298368051175111226e+00
2.292512585567672900e+00
2.265602107971071533e+00
2.237938752470669534e+00
2.259594647934889622e+00
2.038480294173633744e+00
2.096858076015823080e+00
2.045658455711599544e+00
2.069080799893955547e+00
2.076475482686865881e+00
2.128269804131699861e+00
2.104038909323930007e+00
2.135617838901260779e+00
1.738780333408841416e+00
1.781070412176285700e+00
1.741222739320572810e+00
1.820244073475938862e+00
1.822946216226589033e+00
1.864009921333385167e+00
1.783201084732863206e+00
1.866320636766589658e+00
2.264287818545081876e+00
2.138738886954889118e+00
2.270386409592243471e+00
1.998861380905962326e+00
2.003821905074848697e+00
1.885575520843236319e+00
2.145279188280134974e+00
1.890330106309528135e+00
1.790345629080463130e+00
2.011800992032284796e+00
1.780669342569289437e+00
2.105118766881687087e+00
2.088642604184334672e+00
2.354673827563746435e+00
2.000407455727251982e+00
2.340459610500158050e+00
1.624234091687341008e+00
1.842262647360733752e+00
1.629949482097419189e+00
2.149038088157996462e+00
2.165733546767337536e+00
2.426006468944741812e+00
1.850947527228273826e+00
2.438860244752896200e+00
2.188507826770678122e+00
2.091210236993892302e+00
2.181240453366964260e+00
2.109136045462942199e+00
2.102274958516187731e+00
2.014504225903947621e+00
2.083478584879795648e+00
2.007438989493957493e+00
2.100564551991959572e+00
2.014772041765583666e+00
2.093587636392973739e+00
1.984280930740936588e+00
1.977920931778386349e+00
1.902155822555101405e+00
2.006653290020969926e+00
1.894958777855809906e+00
2.223566052224400735e+00
2.111621888821415105e+00
2.216519971393952737e+00
2.163805529151868079e+00
2.157105758507474214e+00
2.054221834257900170e+00
2.104849949052018943e+00
2.047959637547835499e+00
2.200179343974943080e+00
2.096058552642453332e+00
2.204224540306236158e+00
2.253100235866140721e+00
2.257328489035385743e+00
2.146935067140474551e+00
2.100093964186045881e+00
2.151189133767338557e+00
2.032050081013644593e+00
1.953320245998320992e+00
2.019541272329906434e+00
2.136057285786006510e+00
2.122610078643121234e+00
2.054655345510104869e+00
1.937574017738210586e+00
2.037445427046344903e+00
2.390209539624002844e+00
2.289628248286875944e+00
2.395064541144883208e+00
1.801138684400851897e+00
1.804173639939019358e+00
1.722023323690220931e+00
2.295250914891933114e+00
1.724954357775026814e+00
1.979549542034192866e+00
2.222827606297613556e+00
1.982391659913077975e+00
2.045937801571533043e+00
2.049018671951148285e+00
2.294817625097032021e+00
2.224854582587114660e+00
2.296927942890849117e+00
2.211782930134096326e+00
2.387078390206415435e+00
2.212667400073431878e+00
2.097699894078568050e+00
2.098493525136536419e+00
2.266572747639334473e+00
2.387793844842270197e+00
2.267240861830008392e+00
2.134442822981179155e+00
1.959514414785899383e+00
2.134828593393687246e+00
1.906178354628688565e+00
1.906499483656128646e+00
1.745856334070516880e+00
1.959968187516810234e+00
1.746169204187796531e+00
2.352742200682995666e+00
2.345426849557224358e+00
2.360896240244677813e+00
2.192404444885807990e+00
2.200123466083927504e+00
2.185458872248395856e+00
2.353930548149272717e+00
2.193348792866936403e+00
1.837906973488718565e+00
1.830704972797866148e+00
1.829701732516013424e+00
2.310195363691915027e+00
2.297471799737931697e+00
2.301642856492443379e+00
1.822571594465749012e+00
2.288774476291997928e+00
1.901360353263902736e+00
1.893603529907961214e+00
1.902244974921748044e+00
2.065686977257163548e+00
2.066760981750293880e+00
2.057283038692547805e+00
1.894481622876043048e+00
2.058354967784457479e+00
2.382994943597269266e+00
2.375519144101775559e+00
2.383515005578246804e+00
1.769932637062610725e+00
1.770273973731358863e+00
1.763766588306097560e+00
2.376056473479667197e+00
1.764114891186882250e+00
1.711559913629601581e+00
1.559502365027036763e+00
1.718145641664510670e+00
1.981616051549296653e+00
1.990838404176000775e+00
1.807379614393769929e+00
1.563090502994898268e+00
1.815386039032187870e+00
1.995353908905532769e+00
2.166788228574248798e+00
1.985759866167285725e+00
2.114862215667891121e+00
2.103713546421773994e+00
2.293823170536077427e+00
2.157268004283447560e+00
2.283487264093377433e+00
1.877595743221630364e+00
2.001808929186931874e+00
1.885111746382675646e+00
1.587684054702468206e+00
1.591071395773535180e+00
1.693698212450516438e+00
2.010421876127018503e+00
1.699199206076378754e+00
2.335574960992324201e+00
2.450505705893239572e+00
2.320704866190869353e+00
2.177449102920138380e+00
2.164055496997704608e+00
2.287971621280399770e+00
2.440408619409314195e+00
2.278403114011986474e+00
1.891684854395186965e+00
1.697969901278403970e+00
1.899268114458539713e+00
2.371417595996080152e+00
2.381627791788806903e+00
2.134801779324369875e+00
1.704706345516872945e+00
2.148240114338193951e+00
2.123273783741568277e+00
2.245709640928151174e+00
2.131439361746633843e+00
1.920497864037872926e+00
1.927018206857606941e+00
2.034003632109339321e+00
2.252651298594346319e+00
2.040008315908550252e+00
2.219371987650221811e+00
2.255964774687217123e+00
2.236333601600383858e+00
1.842781409129292225e+00
1.854343510479193213e+00
1.873946739986724008e+00
2.272084444818401217e+00
1.885541412381929849e+00
2.068514635924644907e+00
1.782516221319270677e+00
2.063867028671951154e+00
2.363048593382719442e+00
2.357718187734952675e+00
2.046560304178118628e+00
1.777393140646257974e+00
2.038457405001084410e+00
2.178325615942757310e+00
2.210541538922762506e+00
2.169418312160897422e+00
2.393468481536548342e+00
2.383417460055772708e+00
2.427503268438630624e+00
2.202323179711380696e+00
2.418496959351176478e+00
1.553627159283173853e+00
1.583822729070841984e+00
1.551394383444588687e+00
1.971577842269495839e+00
1.965591909414293514e+00
2.008345634425682036e+00
1.581107187041207229e+00
2.002191219244267906e+00
2.007652828573591730e+00
1.998658827995585696e+00
2.012336982193035695e+00
1.890619723018782006e+00
1.894561101092515631e+00
1.882132492659634115e+00
2.003263661844342458e+00
1.885999359376851814e+00
1.769040436191151366e+00
1.762457574821679973e+00
1.770916576035939549e+00
2.350143508326230979e+00
2.353213156031420006e+00
2.342070133652353725e+00
1.764342504743567241e+00
2.345202378928917586e+00
2.403411519147498510e+00
2.221668167152162088e+00
2.413189418938455510e+00
2.305346792844894743e+00
2.314814634296727291e+00
2.128658098486846839e+00
2.236707397208354209e+00
2.142579644540219430e+00
1.952904303580931256e+00
2.100940175763453155e+00
1.947027097092040027e+00
1.767808444416701930e+00
1.763313891303962322e+00
1.905382845500338540e+00
2.096446974237833771e+00
1.901473341651764626e+00
1.796978797405799355e+00
2.015377219066974313e+00
1.795362186793271864e+00
2.025056628698378880e+00
2.022820604472867601e+00
2.263664136119976522e+00
2.014160295485226015e+00
2.262262929969494518e+00
2.313410237623058308e+00
2.222648437841091784e+00
2.312135854579248750e+00
2.449613055163312403e+00
2.448273152059663893e+00
2.355869795431526192e+00
2.221072611161869936e+00
2.354153534030296591e+00
2.071801614007477532e+00
2.145944574481401190e+00
2.081124421711437300e+00
2.240436050843764626e+00
2.251062480873687655e+00
2.318851713635321943e+00
2.154114359219391872e+00
2.327871818420407912e+00
2.139327334949183701e+00
2.234414933432844474e+00
2.122688372728624540e+00
1.762413647287378815e+00
1.753707746036190063e+00
1.842871362334940644e+00
2.216599812546447446e+00
1.831734338107498195e+00
1.924724056418613660e+00
2.135186560069039174e+00
1.931450655676658634e+00
1.873519781926659578e+00
1.879664683988079066e+00
2.078799926486405436e+00
2.142691049702678097e+00
2.086012551216237743e+00
2.360077611010765963e+00
2.197787217202114451e+00
2.365843097792155181e+00
2.325933921587895359e+00
2.331607651992729568e+00
2.165393884890582932e+00
2.204159616295711110e+00
2.171574036319830370e+00
2.004962262550059382e+00
2.030337543838055758e+00
2.009507593821768356e+00
2.289571293498787963e+00
2.294964433623161604e+00
2.317055904605149319e+00
2.034498181943825035e+00
2.321974358170820096e+00
2.167163964454656977e+00
2.199499911653717721e+00
2.148459757221101274e+00
1.773781057915054582e+00
1.762601022024142594e+00
1.801411790348510955e+00
2.180945651164534649e+00
1.789684020248002660e+00
2.260878760727163872e+00
2.292544976668575707e+00
2.245190494838295692e+00
1.924342585015730744e+00
1.913031176482594020e+00
1.952336706301608160e+00
2.277320316547616574e+00
1.940904968552147558e+00
2.154960526071070692e+00
2.179406190718063741e+00
2.149351549504021186e+00
2.400978619469055886e+00
2.394676367382738036e+00
2.426648290063918800e+00
2.174432646996531382e+00
2.421216955271191296e+00
2.224208712988215098e+00
2.076459113125926237e+00
2.235681809590115421e+00
2.175533768132940970e+00
2.186612343859429597e+00
2.030410036141967023e+00
2.089301093887740546e+00
2.042573662664862066e+00
1.689472720929622307e+00
1.867635200864038891e+00
1.683752997248386674e+00
1.582377925754343995e+00
1.578358549332158134e+00
1.750987824202608234e+00
1.860686391409499540e+00
1.744910093735287493e+00
2.036382996578018911e+00
2.278373100015149699e+00
2.050132302546975982e+00
1.804781537724160945e+00
1.814549503283259035e+00
2.024880469667814431e+00
2.287645618559556837e+00
2.032857035753367292e+00
1.779957184378987201e+00
1.698183038589712535e+00
1.775811917460069056e+00
2.309215501638365087e+00
2.302804253809672019e+00
2.210108115633982795e+00
1.694125061962047374e+00
2.202475178060475436e+00
2.415651957775721392e+00
2.318716489639184530e+00
2.419287891387694955e+00
2.486424272564005555e+00
2.490128095060744950e+00
2.387720976864082356e+00
2.323780279179913588e+00
2.392984912594250169e+00
1.965081699716871855e+00
1.866681524867536135e+00
1.967810658737881635e+00
2.081559043796989528e+00
2.084612480567381354e+00
1.978154071124827329e+00
1.869206247961396672e+00
1.981154409865217403e+00
1.806501351810692491e+00
1.711314915436824347e+00
1.814023307035012689e+00
1.713854715781361282e+00
1.720152904193152033e+00
1.623405193888784126e+00
1.716872154694883301e+00
1.627549389590728701e+00
2.327504324631833210e+00
2.232533129152859175e+00
2.315111896615239750e+00
2.280985552393259397e+00
2.268890247692068041e+00
2.187194707513733682e+00
2.216722640536208822e+00
2.171905649490241341e+00
2.095167360958498648e+00
1.996535930482057575e+00
2.093012918029766745e+00
2.317219364575218599e+00
2.314725715894299540e+00
2.210694022555981242e+00
1.994315447499652727e+00
2.207925170041940888e+00
2.171314875810561151e+00
2.433893912888234645e+00
2.169434471107810403e+00
1.869682077713587631e+00
1.868447938956056653e+00
2.106560849875806607e+00
2.432579995534378980e+00
2.105437060840571029e+00
1.559031860710000217e+00
1.585124222680115214e+00
1.557034492440301454e+00
2.007099222350962719e+00
2.001265090061855823e+00
2.040155743290142709e+00
1.582670937195178595e+00
2.034093299039136049e+00
2.173684948894882396e+00
2.201244256042094172e+00
2.170110333845957751e+00
1.765916318983660194e+00
1.763525789100355290e+00
1.789773097000036284e+00
2.197878013724540391e+00
1.787450723143305442e+00
2.056658883059325760e+00
1.927951731032889526e+00
2.068414476045842498e+00
2.089940207812786443e+00
2.101867011967434529e+00
1.959481657764508888e+00
1.942711037157030196e+00
1.974742387990717329e+00
2.212293926211183148e+00
2.409704251474874326e+00
2.206842296114223778e+00
2.229668097632214518e+00
2.224148948524995006e+00
2.427893364496833239e+00
2.406448878864839713e+00
2.424622026279898090e+00
2.179330255054371612e+00
2.294246712742644689e+00
2.188600025304384467e+00
2.198898935666917964e+00
2.208303615164873612e+00
2.314580181873174158e+00
2.301659427847495998e+00
2.322059599372411132e+00
1.973096172774960522e+00
1.778633266110944078e+00
1.975896241097751194e+00
2.016034322517309629e+00
2.018915812479956884e+00
1.818203202470527469e+00
1.782457626045290677e+00
1.822295786331421974e+00
2.390433703079881234e+00
2.333304304401957019e+00
2.396926350771294345e+00
2.147253524172926031e+00
2.152923337085686839e+00
2.094032102550147378e+00
2.340732691611780325e+00
2.100394083312327353e+00
1.963023249402619186e+00
1.902087495793339356e+00
1.946711336100875656e+00
2.235650829594531430e+00
2.213761920804211858e+00
2.167748262876420196e+00
1.887426852874845462e+00
2.146668207650655802e+00
2.203424999591669931e+00
2.238072127919441101e+00
2.218596694945523584e+00
2.117631970574071154e+00
2.131532933594339596e+00
2.151111923561537687e+00
2.253281314308580363e+00
2.165233358325565849e+00
2.151505101743094173e+00
2.178461726352068695e+00
2.141990657227444750e+00
1.989688062518608636e+00
1.981264352716529675e+00
2.015201509491133969e+00
2.169532991681531797e+00
2.007300432901746312e+00
2.369009974700537313e+00
2.040358718104355873e+00
2.369523924483295296e+00
1.748050807982730603e+00
1.748388308654174050e+00
1.493209528298887312e+00
2.041091476427833840e+00
1.493327769453303366e+00
1.879484913725618433e+00
1.906473691702406770e+00
1.879862283056201733e+00
2.097526479452712422e+00
2.098003908897631664e+00
2.126707896260114694e+00
1.906846806595501764e+00
2.127172426806593020e+00
1.932253021474547916e+00
2.042902241004522779e+00
1.942068710827014710e+00
2.223856541156684408e+00
2.237085404803398792e+00
2.347305634062633040e+00
2.052120771855522108e+00
2.358609085398448268e+00
2.394887617190693874e+00
2.154906738955873369e+00
2.386583412871285503e+00
2.131668659701008384e+00
2.124331732812979823e+00
1.910836137292245329e+00
2.143526239592616456e+00
1.902478746389630659e+00
1.766785061214319663e+00
1.861677832196274807e+00
1.767474241491019615e+00
1.813500606824421713e+00
1.814239004532937738e+00
1.910718036695427724e+00
1.862277512522749312e+00
1.911352043375210918e+00
1.998793227751470392e+00
2.126391286524791369e+00
1.999423369795878980e+00
2.018618292848622264e+00
2.019266492718120976e+00
2.147275424121056098e+00
2.127066586303915763e+00
2.147963162892121858e+00
2.082299754124386393e+00
2.092148698097851423e+00
2.079670569463317520e+00
1.950467659148773736e+00
1.948300470941630724e+00
1.959716332376020942e+00
2.089484610065299730e+00
1.957493608619103709e+00
1.982685908482245907e+00
1.990081042742842588e+00
1.981343758843121083e+00
1.674996954687201445e+00
1.674125638141377825e+00
1.681472986261794755e+00
1.988751733797314181e+00
1.680597733196660837e+00
2.223226950675373903e+00
2.060093814007145863e+00
2.232095769751177627e+00
2.025902532960363711e+00
2.033787122794417535e+00
1.874920605240633975e+00
2.071048993277014638e+00
1.883682332759524680e+00
1.635474512718490203e+00
1.782595760604198221e+00
1.627556887399407515e+00
2.178868672654540539e+00
2.160810184285050006e+00
2.361935407452585345e+00
1.773642668915604848e+00
2.348248752477567258e+00
2.022800339161293426e+00
2.191091129357267242e+00
2.020163046207285262e+00
2.155340117579635617e+00
2.152365168442436527e+00
2.331125612550384307e+00
2.189212334691697848e+00
2.329142384128505494e+00
2.462067234056729781e+00
2.300941096967786148e+00
2.460776973683310942e+00
1.945305785574526825e+00
1.944321693101989101e+00
1.807603537327359566e+00
2.298891230849330114e+00
1.806350864012147728e+00
1.897414284203554846e+00
1.904290925246389321e+00
1.902873225324861250e+00
2.094659882554143593e+00
2.101193400695886560e+00
2.102091336226098672e+00
1.909679413059967690e+00
2.108512209610966082e+00
2.089836220357407903e+00
2.099052207641878276e+00
2.077530695887571000e+00
2.190195752980364396e+00
2.176534239569468454e+00
2.199765768860404869e+00
2.086676354797325050e+00
2.186053119617517027e+00
1.811731238640740926e+00
1.860106318982580387e+00
1.825613861675314809e+00
2.164660246536639576e+00
2.186643733675222467e+00
2.221842998757294296e+00
1.875047676329176793e+00
2.243667856248465320e+00
2.314061210609335895e+00
2.361720030451586183e+00
2.309385547324168897e+00
2.068057131340300003e+00
2.064019024863092078e+00
2.112513370204696095e+00
2.357768389788487795e+00
2.108995705236569318e+00
2.246692678568502632e+00
1.959968353627559612e+00
2.242480095907457560e+00
1.878483291220678364e+00
1.875129825257851657e+00
1.632077151848086105e+00
1.954116982922235124e+00
1.629186510571826174e+00
2.341345936560383478e+00
2.394045594257977250e+00
2.336575126582100648e+00
2.156994476699575003e+00
2.152782248505325846e+00
2.207038057769945105e+00
2.389730320672135200e+00
2.203140335953843287e+00
2.117438974214398861e+00
2.170198935977373011e+00
2.123726754008085305e+00
2.276333668857186687e+00
2.283482543128103615e+00
2.332027313030562432e+00
2.176252421057616182e+00
2.338771083115011251e+00
1.882618056973474507e+00
1.622799978746326088e+00
1.873648298845551841e+00
2.202362573120929312e+00
2.191093669461049664e+00
1.908284328631588256e+00
1.617135992072594730e+00
1.895724220343155242e+00
2.319429620177245965e+00
2.370867002897532938e+00
2.327249284414834030e+00
1.912429586337778709e+00
1.918148512692369856e+00
1.957128552837431812e+00
2.377797337224148322e+00
1.962398810120497883e+00
1.877829578565733515e+00
1.931726785318349737e+00
1.881766575386532026e+00
2.077616245444554810e+00
2.082894356973663541e+00
2.136364010363713817e+00
1.936010529098246558e+00
2.141800581482617982e+00
2.047709900617973311e+00
2.286398607682439632e+00
2.044635045600139645e+00
1.939618711806352369e+00
1.937003721784431143e+00
2.167629985703821927e+00
2.283492481943715013e+00
2.164907194409448898e+00
1.904008198800184903e+00
1.791797225583489528e+00
1.902553437045979123e+00
2.374813376129667475e+00
2.372725341164604984e+00
2.241519425751869576e+00
1.790455021710969152e+00
2.239135247941465678e+00
2.439303392290721018e+00
2.486927260865865463e+00
2.446371090600775400e+00
2.345257463180995927e+00
2.352123770325481367e+00
2.392101986395958058e+00
2.492599866162257705e+00
2.397563436023723682e+00
2.024197598202870374e+00
2.075546664748388892e+00
2.012297680508039033e+00
1.864972493967560263e+00
1.855267706764486491e+00
1.913126703230686676e+00
2.063771718421104850e+00
1.903175640389462409e+00
1.719060208068200035e+00
1.689180295337228133e+00
1.721514183895957117e+00
1.995939298521579142e+00
1.999567457766235012e+00
1.961647738543683239e+00
1.691504255439633342e+00
1.965242184605387799e+00
2.302002790130421861e+00
2.271462755786229692e+00
2.303678767046355880e+00
2.448415616888463653e+00
2.450181230518790443e+00
2.417052310333695608e+00
2.273417811037983682e+00
2.419124673159050332e+00
2.040341764666977475e+00
1.839543068996362329e+00
2.054193725190149422e+00
2.229612392422454015e+00
2.245389341763842417e+00
2.011898076209401864e+00
1.852333826106662418e+00
2.028782711785173998e+00
2.163818027317991444e+00
2.312297452567608769e+00
2.153632233231546955e+00
1.693753137278136034e+00
1.688826445587887415e+00
1.815221025596744919e+00
2.303002524105169257e+00
1.809186006022119653e+00
1.814354664880900803e+00
2.023486678940308536e+00
1.816788666529422169e+00
1.737759557411908462e+00
1.739819632704066033e+00
1.939382695623789399e+00
2.025891695563896810e+00
1.941627808413084910e+00
2.304990185053262142e+00
2.179338478512807598e+00
2.286283991143318151e+00
2.262596122429879841e+00
2.244341608256649856e+00
2.138489953275739097e+00
2.157877033259929078e+00
2.117826876472447495e+00
1.746307918606849974e+00
1.652634917177719709e+00
1.748457377023683090e+00
2.445962791736175035e+00
2.449374015435111573e+00
2.324426488679338210e+00
1.654912213765606488e+00
2.329159634346682051e+00
2.081834840519666052e+00
1.949650218668021129e+00
2.084606752841289268e+00
2.027567527603490571e+00
2.030181531003883322e+00
1.898288289002244111e+00
1.952148817983564877e+00
1.900567607898592248e+00
2.200509561982332940e+00
2.159887970240306654e+00
2.224758114637527040e+00
1.630075213671162704e+00
1.640059393747050898e+00
1.599686649575522424e+00
2.183837045585398151e+00
1.608144165852409380e+00
2.119944771905165393e+00
2.088321235646179552e+00
2.118364861844920899e+00
2.228088056586056354e+00
2.226399971686542578e+00
2.195391930777885747e+00
2.086602912726746695e+00
2.193538889130376646e+00
2.187246140445259002e+00
2.151191784414747676e+00
2.184603127066108375e+00
2.266705453118962765e+00
2.263916385170337442e+00
2.229602373149368155e+00
2.148490050242199523e+00
2.226727541946696753e+00
1.658933187472785509e+00
1.934963957625071895e+00
1.658218113790289383e+00
1.804458737155085091e+00
1.803344987852146586e+00
2.099142701539825850e+00
1.934045821630902218e+00
2.098118685675884443e+00
2.103594043446868511e+00
2.290340264709366025e+00
2.102291806153497866e+00
2.026353844817950112e+00
2.025181752533732560e+00
2.207099747164259274e+00
2.288935419315610176e+00
2.205776157927139103e+00
2.048946412384728077e+00
2.193542791809986348e+00
2.048242342599661647e+00
1.895334351385268956e+00
1.894737833279560357e+00
2.032594233325136557e+00
2.193082806255016060e+00
2.032177822911118259e+00
2.278372042169826361e+00
2.091168115738484268e+00
2.286244926304077829e+00
2.167446796503272655e+00
2.174851393720624415e+00
1.987213932420656359e+00
2.101054312625505460e+00
1.995962441464083081e+00
1.755851599274983910e+00
1.898361501273922336e+00
1.748860761773043393e+00
2.251193005735739217e+00
2.237976796526732315e+00
2.421049218500789024e+00
1.891189969205094190e+00
2.410820199556909849e+00
1.904392429248295660e+00
1.974536899435737070e+00
1.903498781693551134e+00
2.113165898965275069e+00
2.112048552960717807e+00
2.189506855091036819e+00
1.973654517396672636e+00
2.188462341076187201e+00
2.387250332114932760e+00
2.108232650116185880e+00
2.386732434019422477e+00
1.863173670272613158e+00
1.862795799254727047e+00
1.632550386099114847e+00
2.107447740346042764e+00
1.632248820977767689e+00
1.694548377091237512e+00
1.753313893303239501e+00
1.701902043644381246e+00
2.028995753441732219e+00
2.039831985189469954e+00
2.097595392529107983e+00
1.760188496244840639e+00
2.106792518647566226e+00
1.991637935312403185e+00
2.072923443302972402e+00
1.977484142134224854e+00
2.142254987895241491e+00
2.125281657655111900e+00
2.228553662149717507e+00
2.057728969901142069e+00
2.211108982035925763e+00
1.659918570420926498e+00
1.609155916047536383e+00
1.662154560723662078e+00
2.191494490990301358e+00
2.196745584248257721e+00
2.126153998550073254e+00
1.610781378000899933e+00
2.131197806826292229e+00
2.233395153514725173e+00
2.182043141730977354e+00
2.218236753474658318e+00
2.113564125643229374e+00
2.099535397500491563e+00
2.064074175909597741e+00
2.165318303130186806e+00
2.048800611591801157e+00
2.129996797702189859e+00
1.920507669322966127e+00
2.133482539574711012e+00
1.950817201997888217e+00
1.953898486611103325e+00
1.756215616040375904e+00
1.925246032150180975e+00
1.759837493417694354e+00
2.267747138016440012e+00
2.385541925593758883e+00
2.271782093972541716e+00
2.178994634306678613e+00
2.182771896787006227e+00
2.294004103424978958e+00
2.388578394637848490e+00
2.296943272944743875e+00
2.147518025844528999e+00
2.353917038181611687e+00
2.166233496034956296e+00
2.176094663658042272e+00
2.195326221670427458e+00
2.384662813876139431e+00
2.366353038997499159e+00
2.397115838141172350e+00
1.987755182680341903e+00
1.864835218293889429e+00
1.983219429539610168e+00
2.046526038069645281e+00
2.041802539644729464e+00
1.920775061263173100e+00
1.859616262275507470e+00
1.915170708966309698e+00
2.355620005072417200e+00
2.388743096548440192e+00
2.346144037167327667e+00
1.682783418737447523e+00
1.677929337067093574e+00
1.708389307964298887e+00
2.379905434520257046e+00
1.703508200749491941e+00
1.936087994479295471e+00
1.972267101325877459e+00
1.931307289264678984e+00
1.972727333749894951e+00
1.967636575296145995e+00
2.009468935618304641e+00
1.967179844954989543e+00
2.004125063824956143e+00
2.024324285010648872e+00
2.279560298412075525e+00
2.026479395726873634e+00
1.833199120839920759e+00
1.834787164830150807e+00
2.068755334470727014e+00
2.281333628908121192e+00
2.070298814931020637e+00
1.824945234035665553e+00
1.740224114649263853e+00
1.825901598320139874e+00
2.310837565718913744e+00
2.312276699493968302e+00
2.209449248977389590e+00
1.741128944838512105e+00
2.211101838690630039e+00
2.405824355913996460e+00
2.308168685697551403e+00
2.418315545862246729e+00
2.247928815941975689e+00
2.259517710015839675e+00
2.154732379256325103e+00
2.324436654625564813e+00
2.169373723426677447e+00
1.972320382607894995e+00
1.871060724294929978e+00
1.962813364530106686e+00
1.668659044947422565e+00
1.662884632583718325e+00
1.581511440976981042e+00
1.862949822169119862e+00
1.577942036690305416e+00
1.905476985187586791e+00
1.813368011982730010e+00
1.901203629324953237e+00
2.049409896494397643e+00
2.044413893807094595e+00
1.950831154424499392e+00
1.809594449200700339e+00
1.946126356311921990e+00
2.399456406763145644e+00
2.310927850350041446e+00
2.397311658145313107e+00
2.484429623026530809e+00
2.482227296115285586e+00
2.394364334332766742e+00
2.307829152517554938e+00
2.391140708646152468e+00
2.178376851758288879e+00
2.085009178273339092e+00
2.184139635470879526e+00
2.285183537717864866e+00
2.291306874716740438e+00
2.188639495741381502e+00
2.091685437047562601e+00
2.195925952653509317e+00
2.251145391607793922e+00
2.503310531194435917e+00
2.234152163642578515e+00
1.777884683404074684e+00
1.768657012703628073e+00
1.994011128674320288e+00
2.493546681870321358e+00
1.986272662495616403e+00
1.934052756910055848e+00
2.095845965936325328e+00
1.954257110344133519e+00
1.679106773910404637e+00
1.691211473984499891e+00
1.820197583790718721e+00
2.115884592181942914e+00
1.835596373926600577e+00
2.379947288541242045e+00
2.178819980963050185e+00
2.379059870686175415e+00
2.232860836220721623e+00
2.232040380081132369e+00
2.041221670627952456e+00
2.177771898418916940e+00
2.040324094092672791e+00
1.977072238640366075e+00
1.968235567323597834e+00
1.976405626404114546e+00
2.431002663408971198e+00
2.430151663613537849e+00
2.420917887332902918e+00
1.967539561774534818e+00
2.420025855560989925e+00
2.184312073213092287e+00
2.173002433333832251e+00
2.183542920583485092e+00
1.996862176897712615e+00
1.996215520633957130e+00
1.986304415299162240e+00
2.172225891143779286e+00
1.985656155909142573e+00
2.187023906267948625e+00
2.174872732841262923e+00
2.192535495140416124e+00
1.848661363361240095e+00
1.852366598942851272e+00
1.838181992766905415e+00
2.180391699840925401e+00
1.841827202059789892e+00
2.067834150759478629e+00
2.058630105557918366e+00
2.054396378135395551e+00
2.344045868501943630e+00
2.328309242536403811e+00
2.334149026995404164e+00
2.044800982511594256e+00
2.317857059404518694e+00
2.146028022303067218e+00
1.949829226273779970e+00
2.151988688052049348e+00
2.349443348319404379e+00
2.356261817377466539e+00
2.136863326940040775e+00
1.955034225400291481e+00
2.143635247240718744e+00
1.571629096204650633e+00
1.714889233602925778e+00
1.572798961294282538e+00
1.938756061058552582e+00
1.942183777602706218e+00
2.110336134533997487e+00
1.717178774410989650e+00
2.114052832500049384e+00
1.829620325917323376e+00
2.125064490096874259e+00
1.821201089818158980e+00
1.851973613179016098e+00
1.843162261980471062e+00
2.150370437286839742e+00
2.117565607410064388e+00
2.142748212768520233e+00
2.303581298804418864e+00
2.270400354397257292e+00
2.295410887106457132e+00
2.317330683248671086e+00
2.309121190520145639e+00
2.284039974497908077e+00
2.261835237158040357e+00
2.275352353370402980e+00
1.812728155522352447e+00
1.786761912588282986e+00
1.820608339284300659e+00
2.262685702345747174e+00
2.273820761863212248e+00
2.231890968519615992e+00
1.795105566672631214e+00
2.244081228289401597e+00
2.085448394674457973e+00
2.050461003789386449e+00
2.075586705361613493e+00
1.715428202206625841e+00
1.709676808544390525e+00
1.685787864664296087e+00
2.040746106465811671e+00
1.680561776813251917e+00
2.287395445288542106e+00
2.150514788503489427e+00
2.298897270426295769e+00
2.059106161319047779e+00
2.068667171890865575e+00
1.934830857755271971e+00
2.161784852567614656e+00
1.943289919345228878e+00
2.211840414084623063e+00
2.104629574918583046e+00
2.215868343805652785e+00
2.487201449816558885e+00
2.491673047672142705e+00
2.372470388005694097e+00
2.110299251252389041e+00
2.379171214971691928e+00
2.274342606771868169e+00
2.152458726599994598e+00
2.281620823839222378e+00
2.289798801862061417e+00
2.297118467058517854e+00
2.167331101741729160e+00
2.160937755107826153e+00
2.175960208886371205e+00
1.775575591787744045e+00
1.978839603768171251e+00
1.765329384630565546e+00
1.804299692924228316e+00
1.793417893700011811e+00
2.010180573028322648e+00
1.968762703401810032e+00
1.999783218808462326e+00
2.084466645448541655e+00
2.186804606510817983e+00
2.093123815393820752e+00
1.610646550414351896e+00
1.614369344965859154e+00
1.691570005986559266e+00
2.195170975984818362e+00
1.696285800907649577e+00
1.882896682054280957e+00
1.658291478687797360e+00
1.872030242746036688e+00
2.217443502420640034e+00
2.203392426635015333e+00
1.960729797284300080e+00
1.651177586725785185e+00
1.946223504259913639e+00
2.466512032173819868e+00
2.396806606604837242e+00
2.463905345956506565e+00
2.424098068841682441e+00
2.421524747086722495e+00
2.354992019074294340e+00
2.393234470777362510e+00
2.351483754264921622e+00
2.037747626321916083e+00
1.962973761530315331e+00
2.035378343594702599e+00
1.964951059442789472e+00
1.962741147283173060e+00
1.892246493135803176e+00
1.960572862367556901e+00
1.890064012218809264e+00
1.602157834718610285e+00
1.610951119693818656e+00
1.607540284615718296e+00
1.799681663679046473e+00
1.807952387803825500e+00
1.809486060640502325e+00
1.616503048042734481e+00
1.817830820151979498e+00
2.238331233443294543e+00
2.247660253304172073e+00
2.232446205062271538e+00
2.328472132168684094e+00
2.322317395853144895e+00
2.338012172214524398e+00
2.242030779382682582e+00
2.332131481393530770e+00
1.961615630788466458e+00
1.808682490135668175e+00
1.963731034745243020e+00
2.346256790360464972e+00
2.349086995502147168e+00
2.167044759293430545e+00
1.810534165152400066e+00
2.170119070226095737e+00
2.104203354617884436e+00
2.301205583723835879e+00
2.106067336731305417e+00
1.920925765613743064e+00
1.922378654106185580e+00
2.104720130486934515e+00
2.302838114545930459e+00
2.106159479679368562e+00
1.703442001014276785e+00
1.793904660036018228e+00
1.706804963243182094e+00
2.019069588311138919e+00
2.025235638648172909e+00
2.125905603807024313e+00
1.798379312061900048e+00
2.132604434206744060e+00
2.233064787517531791e+00
2.324552944489159501e+00
2.237018601095810411e+00
1.835715179549588516e+00
1.838498185384705996e+00
1.915942033291641255e+00
2.327580646667112063e+00
1.918290442092205783e+00
2.158009151032039163e+00
1.915422880827004626e+00
2.161707667461960192e+00
2.135356410827280893e+00
2.139003609645906856e+00
1.894856160861682515e+00
1.919663773818990560e+00
1.898955414059455338e+00
2.261741312890170885e+00
2.363852119357704229e+00
2.238908971456170960e+00
2.248944876937002846e+00
2.226443241953857122e+00
2.350732008026324760e+00
2.343725304834809009e+00
2.330659345670227367e+00
2.118858118145991121e+00
2.212602076468709988e+00
2.111170593114508165e+00
2.100326922245106864e+00
2.092755301259206391e+00
2.193528453336659467e+00
2.206017875490339897e+00
2.187013081060293018e+00
1.817305696785218139e+00
1.617486758196198249e+00
1.815019267369982092e+00
1.766089007049980841e+00
1.763900834620641289e+00
1.570832767299952692e+00
1.615225727852027671e+00
1.568928180115242377e+00
2.327529927178262792e+00
2.419381260195367922e+00
2.341866396640686077e+00
1.992856196223783627e+00
2.004394998634664748e+00
2.076250689481494938e+00
2.429181657532375027e+00
2.084689253340216375e+00
1.866642427555698536e+00
1.960979749128049399e+00
1.861794918769338114e+00
2.143876600107954999e+00
2.136976486083253857e+00
2.249102959858762851e+00
1.955815441467955829e+00
2.242497578905128464e+00
2.147680663699615522e+00
2.160352632283657037e+00
2.162256232965365843e+00
2.184417334161430357e+00
2.199533900998969838e+00
2.197265915476137366e+00
2.175008213404629576e+00
2.212442006225118440e+00
2.061451933965730454e+00
2.071153319145454308e+00
2.054131582914652032e+00
2.128690829664486195e+00
2.120968208288183110e+00
2.138622980574594656e+00
2.063986215643530464e+00
2.131078893901884541e+00
2.288786907098838697e+00
2.129860607954483065e+00
2.291019341730184067e+00
1.984286163232340527e+00
1.986181389068260472e+00
1.842861959594078947e+00
2.132899436059240372e+00
1.845059593276771048e+00
1.742100108916741164e+00
1.893572951819314953e+00
1.743264843309296541e+00
2.181337094099204510e+00
2.183315428801080316e+00
2.359309950982637627e+00
1.894539108791251536e+00
2.360569849232287964e+00
2.006903174611286200e+00
2.186561312175678395e+00
2.020476267626041711e+00
2.180211471318837191e+00
2.196412855455882607e+00
2.371554018595812607e+00
2.197526608649039037e+00
2.383680158246622938e+00
2.438396066167910270e+00
2.269876448155323967e+00
2.429410965390173871e+00
2.073111912881518748e+00
2.065684951732461805e+00
1.922679573327132463e+00
2.257937368562198621e+00
1.914288186816623938e+00
1.910380422675761913e+00
1.920138022862718064e+00
1.911986133189136572e+00
1.737539558249346028e+00
1.738798217390089107e+00
1.746486608410121377e+00
1.921731950625718000e+00
1.747748711566006197e+00
2.056563726347544474e+00
2.069790484327810987e+00
2.057997330786768497e+00
1.980082414231038257e+00
1.981365827454078632e+00
1.992896269676228460e+00
2.071247852546912682e+00
1.994207694343122172e+00
1.718846194083685441e+00
1.931338474696872254e+00
1.721774381425071221e+00
2.057363367337973425e+00
2.063047646288857173e+00
2.305615321149225849e+00
1.935388188640204898e+00
2.310928226751239656e+00
2.232706367775831424e+00
2.104891334835200301e+00
2.212375547662121189e+00
1.949786043427087279e+00
1.933837120871235493e+00
1.835034479653981254e+00
2.084147641437944731e+00
1.820828964626852731e+00
2.155976083830453582e+00
2.205205038234864467e+00
2.161799694740163869e+00
1.718076857168122196e+00
1.721948462368307009e+00
1.759339585018061314e+00
2.210145552666694435e+00
1.762871972880272642e+00
2.242970594350410352e+00
2.303248406408958004e+00
2.248390905860589317e+00
2.037340068681170457e+00
2.041782800029882772e+00
2.093297883929762904e+00
2.308433045137814776e+00
2.097726558300096578e+00
2.108202380548169330e+00
2.074204985902758480e+00
2.124947043444375794e+00
2.255245316460347649e+00
2.274075528143868929e+00
2.219236532715567201e+00
2.090933519800486806e+00
2.238402451066143328e+00
1.853543437433726737e+00
1.828266361750189528e+00
1.850329644920049255e+00
2.162834950084528973e+00
2.158775685798813182e+00
2.134897888099720031e+00
1.824767923047702745e+00
2.130418849141546112e+00
2.326624729641945777e+00
2.100137901674059115e+00
2.318992644961443084e+00
1.858169492582450344e+00
1.852940806664400863e+00
1.671539347846392243e+00
2.092091506408114032e+00
1.668062957637525212e+00
1.874456685424437552e+00
2.013188582910749425e+00
1.870578333009861982e+00
2.064307790075665672e+00
2.059187070536399489e+00
2.213652636165830856e+00
2.009078164622047247e+00
2.208804942388536752e+00
2.127716994813748652e+00
2.363325361570360883e+00
2.126870046327703268e+00
2.037247079389191917e+00
2.036480060157695782e+00
2.265100038854169995e+00
2.362685347495991905e+00
2.264483400744700781e+00
2.004813966775925937e+00
1.896293993556546376e+00
2.004448331373958503e+00
1.801699552709369545e+00
1.801406237434577395e+00
1.702380805968463306e+00
1.895899526733026752e+00
1.702096143598504252e+00
2.261968772167001873e+00
2.152891646110758117e+00
2.268336457043137688e+00
2.128280494085949659e+00
2.134219407064795071e+00
2.023526972746712005e+00
2.162027050034020625e+00
2.031817092028747940e+00
1.643697196748210576e+00
1.541303197785215851e+00
1.638059861503509573e+00
2.269782984187161734e+00
2.257607394472017859e+00
2.136291795113866243e+00
1.538164571407981684e+00
2.123911522206008318e+00
1.979052471718194983e+00
1.945889864196181485e+00
1.978560470191441656e+00
2.158194505197100099e+00
2.157603368487913009e+00
2.122542396175597368e+00
1.945408949688077538e+00
2.121950923919805554e+00
2.425471597731101880e+00
2.395546957251231124e+00
2.425183029915015442e+00
1.986564390164898386e+00
1.986337186767344942e+00
1.959722702740532396e+00
2.395222542704962265e+00
1.959474678236281076e+00
1.836319706558249276e+00
1.808197610737245942e+00
1.844088088055376495e+00
2.100032804824698118e+00
2.110140110920693424e+00
2.068514557142857591e+00
1.816004001574843318e+00
2.079017174296323489e+00
2.035718140345359473e+00
2.349487379911913365e+00
2.023582389145801130e+00
2.170053049779720578e+00
2.155734795655046110e+00
2.496969685779808934e+00
2.341669184728244701e+00
2.488791484604933046e+00
1.827700469138850092e+00
1.793746790395507995e+00
1.837681862631437957e+00
1.777401774001255763e+00
1.786411701082938119e+00
1.744333084470765183e+00
1.802670636029656492e+00
1.752193165752308657e+00
2.307773291808817184e+00
2.275227267202240000e+00
2.298694433811924398e+00
2.278506065196204133e+00
2.269527745937547358e+00
2.246070080834155824e+00
2.265578053766791999e+00
2.236632600380004554e+00
1.798019339768439195e+00
1.630956565587721396e+00
1.791805007571533492e+00
2.466062102755317120e+00
2.456482745084429098e+00
2.252301664155769600e+00
1.625520279766334397e+00
2.238567965278688732e+00
2.096975448472707448e+00
2.232400557898735816e+00
2.089556405465065936e+00
2.059745541425483495e+00
2.052595326323889413e+00
2.193600938109737442e+00
2.226503947411890394e+00
2.187822616133225928e+00
2.308077721331342591e+00
2.448302920610379019e+00
2.316987318941997387e+00
1.774150517012590189e+00
1.779378234805052195e+00
1.890294157741024161e+00
2.454390155571771537e+00
1.894728690565788298e+00
2.214576671496941263e+00
2.028318659558134840e+00
2.205690677338982830e+00
2.333139646622591989e+00
2.323875287547382484e+00
2.140810079757355489e+00
2.014455596893558909e+00
2.125315158120294257e+00
2.274375153506378311e+00
2.242521414422061543e+00
2.283450785954614926e+00
2.362829289371752406e+00
2.372341646793747927e+00
2.330262145073908719e+00
2.252216868780071657e+00
2.340477790412618830e+00
1.768243426686622488e+00
1.736884351967923568e+00
1.772535771583229280e+00
1.925877742395104786e+00
1.931491869768277692e+00
1.892001629536255614e+00
1.740778823569463452e+00
1.897323982334436110e+00
2.110117533051061312e+00
2.216641485144276391e+00
2.109475739526891491e+00
1.941944392639960437e+00
1.941426841971470640e+00
2.041214229170097649e+00
2.216005929316507306e+00
2.040664369370918774e+00
1.970759412765854313e+00
2.051512794919771565e+00
1.970473801092466282e+00
2.386571365726845251e+00
2.386197035620665208e+00
2.476290637343620649e+00
2.051298588470809925e+00
2.476032322044147804e+00
2.479717319340069448e+00
2.216739487242567197e+00
2.488827687916741027e+00
2.337306151254642472e+00
2.345979825931705065e+00
2.085649483820499306e+00
2.231422615874118165e+00
2.098475009593589569e+00
2.076185350888044567e+00
2.169561719554730317e+00
2.063237384578999745e+00
1.829293876006572006e+00
1.819574639940261918e+00
1.914145917062893831e+00
2.158036161154652355e+00
1.904779589752249702e+00
1.711609656971501803e+00
1.795219900043216743e+00
1.715944819415555767e+00
1.887767184143141375e+00
1.893672727051883165e+00
1.979676193884440716e+00
1.800157952645597526e+00
1.985793753138928253e+00
2.271679547499483309e+00
2.015646790765532881e+00
2.275377702707791272e+00
2.366718643707750314e+00
2.370553312205123220e+00
2.102627351831872549e+00
2.020167228482522059e+00
2.107691159217369048e+00
2.025236564847086029e+00
2.113902920640165828e+00
2.038242112776141646e+00
2.148073404386715790e+00
2.162469048318651499e+00
2.240518456465554920e+00
2.124564186083573780e+00
2.251989241001037367e+00
2.120776717286657842e+00
2.234818987112185518e+00
2.114576389762033770e+00
1.564710939103576948e+00
1.563094486699415642e+00
1.652922130003864565e+00
2.228368574715208439e+00
1.650052006347644040e+00
1.926580806051082284e+00
1.962365348097199425e+00
1.940144502351876854e+00
1.676574515606071403e+00
1.684130032890840845e+00
1.707668419039977792e+00
1.976984576060723420e+00
1.716628984309367834e+00
1.636766890550278575e+00
1.662027959357178286e+00
1.631403500887980584e+00
2.209081598850362038e+00
2.198333044375477829e+00
2.241137520099345082e+00
1.656462518129098171e+00
2.230857108507947384e+00
2.334522170393093177e+00
2.192116030128086202e+00
2.336837775123713268e+00
2.404661115831981277e+00
2.407059216604612750e+00
2.259377847230303438e+00
2.195062028441307600e+00
2.262489800375216298e+00
1.859353891227558897e+00
2.043330290175851882e+00
1.860713353953716176e+00
1.978700828764326847e+00
1.980307392254842869e+00
2.171107561715791334e+00
2.044414036019211345e+00
2.172278955378303067e+00
1.770197254423047095e+00
1.871269684225465912e+00
1.775146751718205129e+00
1.649418246454527726e+00
1.653298011001781420e+00
1.744433201518532206e+00
1.876012029745911081e+00
1.748508364397512338e+00
2.319664751173176054e+00
2.098567198897550057e+00
2.309808943923115532e+00
2.264992680299481975e+00
2.255459388000179644e+00
2.047320606685044453e+00
2.083924408443646570e+00
2.033519673469781353e+00
2.069335495930801017e+00
2.018352642319443113e+00
2.065032836562803453e+00
2.303526719082892082e+00
2.298472601912604496e+00
2.248230758050734135e+00
2.013858392235310824e+00
2.242777533980278903e+00
2.170683093457707713e+00
2.104292153246086094e+00
2.167029163828486205e+00
1.840238316350118808e+00
1.837905679180763308e+00
1.782863330820315007e+00
2.100866162714262408e+00
1.780929549038995141e+00
1.968050451561448533e+00
2.001679994307426824e+00
1.964293871129718871e+00
1.987502474193061586e+00
1.983649321636178353e+00
2.021424891645058786e+00
1.997817738395099241e+00
2.017474426582420044e+00
2.407919296434058332e+00
2.438358528664061886e+00
2.405431707456517021e+00
2.420450760813563029e+00
2.417945528735598870e+00
2.451168822788107882e+00
2.436135642470551588e+00
2.448921805934155316e+00
1.998071812738846820e+00
1.717803488729543471e+00
2.008727324441855533e+00
2.375124244725253853e+00
2.388126698011237448e+00
2.050146815551499913e+00
1.728584542614796105e+00
2.070294001849783960e+00
2.204386709082320817e+00
2.237175835018417658e+00
2.200926270009911700e+00
1.889412667571421123e+00
1.886844771026020995e+00
1.918646556206069054e+00
2.233848731838920187e+00
1.916116301356209917e+00
2.206291382639327558e+00
2.330377815580895629e+00
2.209515619438696454e+00
1.944802376583444792e+00
1.947273298919108608e+00
2.057227374225705674e+00
2.333117114500780076e+00
2.059528906348651489e+00
2.088474095018563403e+00
1.876816483473772390e+00
2.089700485920928941e+00
2.406346489790768484e+00
2.407782920064430954e+00
2.171960284016106968e+00
1.878290956555620950e+00
2.174108820522446361e+00
2.177960458700554547e+00
2.287462734071052495e+00
2.180087957704089696e+00
2.195609672065981677e+00
2.197760187390377595e+00
2.305692946707812219e+00
2.288942351803431308e+00
2.307212502674198973e+00
1.601879755528414107e+00
1.708769694425042340e+00
1.594196268095903646e+00
1.640537682777108319e+00
1.631631210652729980e+00
1.749528008455404571e+00
1.696632133411161814e+00
1.736446572151891132e+00
2.161762732134585363e+00
2.346881449078052739e+00
2.172840921018315719e+00
2.100665900431059718e+00
2.110992485222241477e+00
2.281736007157336488e+00
2.357206954222987427e+00
2.291661898874394421e+00
2.118772142290657357e+00
1.926558516444299984e+00
2.109299788165724721e+00
2.005930215867544053e+00
1.997371136805167646e+00
1.821966688955149127e+00
1.917846339332468508e+00
1.814866614785288323e+00
2.327195052505813599e+00
2.316874060383837808e+00
2.326584291176660102e+00
1.804099598354170109e+00
1.803679948678802436e+00
1.795512104763664185e+00
2.316241429467464030e+00
1.795084767653610358e+00
1.840537248643595802e+00
1.830164822738541197e+00
1.840193427175120577e+00
2.084172458031567921e+00
2.083704320111470665e+00
2.072651551085567867e+00
1.829825661000740844e+00
2.072183535895016249e+00
1.972005375289970441e+00
1.961582996128394596e+00
1.983469228010271035e+00
2.287613047832573798e+00
2.302765476892968177e+00
2.275741742900796449e+00
1.973047990521177741e+00
2.291043900405695943e+00
2.433415480111672302e+00
2.423638561371474154e+00
2.422894953970476273e+00
2.208841295485736822e+00
2.199339675387352422e+00
2.199599404621245924e+00
2.412584407139719112e+00
2.189654569097983838e+00
1.813471835253047448e+00
1.654840841509994664e+00
1.813066655698748253e+00
1.920571745604271907e+00
1.920115448669978964e+00
1.753307876211372740e+00
1.654532937770242462e+00
1.752914249904711674e+00
2.056561167375739352e+00
2.222740198063925199e+00
2.056135652418206838e+00
2.103958051717362387e+00
2.103508488418291300e+00
2.272870544677341620e+00
2.222365598354627103e+00
2.272487412096087844e+00
1.563284810887842324e+00
1.798234879479267079e+00
1.566532478115536975e+00
1.965174549582299424e+00
1.973852299316862347e+00
2.252380517788346914e+00
1.802809720645362379e+00
2.258493511923436614e+00
2.173114791137457757e+00
2.120464492751763075e+00
2.178729377561524849e+00
1.663050768629271925e+00
1.666218999102226261e+00
1.620670063401004057e+00
2.126541598808037392e+00
1.623666113509051101e+00
2.065929713238069176e+00
2.019266536241936194e+00
2.070914555315552352e+00
2.037844569546418239e+00
2.042706474589857990e+00
1.991505309026332604e+00
2.025002697627499071e+00
1.997094711188650784e+00
2.220569253293330547e+00
2.160800416184603723e+00
2.204550617506160215e+00
2.206159772898593552e+00
2.190407624552782817e+00
2.146717726884458166e+00
2.144680350173764793e+00
2.130785559603311619e+00
2.099431609370153495e+00
2.038534751758357189e+00
2.094644713132645997e+00
2.083694037164060653e+00
2.078978755278099388e+00
2.023239920921828805e+00
2.034061971514751654e+00
2.018850876826658869e+00
1.912023150826787532e+00
1.866553152135013605e+00
1.910132736594893910e+00
1.875922104368839438e+00
1.874091063073856089e+00
1.831169560338433033e+00
1.864522328892762593e+00
1.829221720257402151e+00
2.295873197248015529e+00
2.236895991463439426e+00
2.319729564571571423e+00
2.013600874535639296e+00
2.032595932662829341e+00
1.960890881014246467e+00
2.261893370543936577e+00
1.980024476143119605e+00
1.868705988151006414e+00
2.157826644484305056e+00
1.866035299490808930e+00
2.100674961055101875e+00
2.096810514839649642e+00
2.416540149853821262e+00
2.155229523437128147e+00
2.413600332913005353e+00
